0.980 0.980 0.980 0.980 0.980 0.980 0.980 0.980 0.980 0.979 0.977 0.975 0.973 0.971 0.970 0.970 0.972 0.972 0.971 0.969 0.968 0.967 0.966 0.965 0.963 0.962 0.960 0.955 0.948 0.938 0.925 0.911 0.895 0.878 0.850 0.798 0.715 0.616 0.538 0.517 0.564 0.655 0.751 0.822 0.864 0.887 0.904 0.919 0.933 0.944 0.953 0.960 0.964 0.966 0.969 0.971 0.973 0.974 0.975 0.977 0.980 0.981 0.981 0.979 0.979 0.980 0.982 0.985 0.987 0.989 0.990 0.990 0.990
0.979 0.979 0.979 0.980 0.979 0.979 0.979 0.980 0.980 0.979 0.977 0.975 0.972 0.970 0.969 0.970 0.972 0.972 0.971 0.968 0.967 0.967 0.966 0.964 0.963 0.961 0.959 0.955 0.947 0.937 0.924 0.909 0.894 0.876 0.847 0.792 0.707 0.608 0.533 0.518 0.570 0.662 0.756 0.825 0.865 0.888 0.904 0.919 0.933 0.944 0.953 0.959 0.963 0.965 0.967 0.970 0.971 0.972 0.974 0.976 0.979 0.980 0.979 0.977 0.977 0.979 0.981 0.983 0.986 0.987 0.988 0.988 0.988
0.978 0.978 0.978 0.978 0.978 0.978 0.978 0.979 0.979 0.978 0.976 0.974 0.971 0.969 0.969 0.970 0.971 0.971 0.970 0.968 0.967 0.966 0.965 0.964 0.962 0.961 0.959 0.954 0.946 0.936 0.923 0.908 0.892 0.874 0.843 0.786 0.699 0.601 0.530 0.520 0.576 0.670 0.762 0.828 0.866 0.888 0.905 0.920 0.933 0.944 0.952 0.958 0.962 0.964 0.966 0.969 0.970 0.971 0.973 0.975 0.978 0.978 0.977 0.976 0.976 0.977 0.979 0.982 0.984 0.986 0.986 0.986 0.986
0.976 0.977 0.977 0.977 0.977 0.977 0.977 0.977 0.977 0.976 0.974 0.972 0.970 0.968 0.968 0.969 0.970 0.970 0.969 0.967 0.966 0.965 0.964 0.963 0.961 0.960 0.958 0.953 0.945 0.934 0.921 0.906 0.891 0.872 0.839 0.780 0.691 0.594 0.527 0.523 0.583 0.678 0.768 0.832 0.868 0.889 0.906 0.921 0.934 0.944 0.953 0.958 0.962 0.964 0.966 0.968 0.970 0.970 0.972 0.974 0.977 0.977 0.976 0.975 0.974 0.976 0.978 0.981 0.983 0.984 0.985 0.985 0.985
0.975 0.975 0.975 0.975 0.975 0.975 0.976 0.976 0.975 0.974 0.972 0.970 0.968 0.966 0.966 0.967 0.969 0.969 0.967 0.965 0.964 0.964 0.963 0.962 0.960 0.959 0.956 0.951 0.943 0.932 0.919 0.904 0.888 0.869 0.835 0.773 0.683 0.587 0.524 0.525 0.589 0.685 0.774 0.835 0.870 0.890 0.907 0.922 0.934 0.945 0.953 0.958 0.961 0.964 0.966 0.968 0.969 0.970 0.971 0.974 0.976 0.977 0.975 0.974 0.974 0.976 0.978 0.980 0.982 0.983 0.984 0.984 0.984
0.975 0.975 0.975 0.975 0.974 0.974 0.974 0.975 0.974 0.973 0.971 0.969 0.966 0.965 0.965 0.966 0.968 0.967 0.966 0.964 0.963 0.963 0.962 0.960 0.959 0.957 0.954 0.949 0.941 0.930 0.916 0.901 0.885 0.865 0.830 0.766 0.674 0.578 0.520 0.526 0.594 0.691 0.779 0.837 0.870 0.891 0.907 0.922 0.934 0.945 0.953 0.958 0.961 0.963 0.965 0.967 0.969 0.969 0.971 0.974 0.976 0.976 0.975 0.973 0.974 0.975 0.978 0.980 0.982 0.983 0.983 0.983 0.983
0.975 0.974 0.975 0.974 0.974 0.974 0.974 0.974 0.974 0.972 0.970 0.968 0.965 0.964 0.964 0.966 0.967 0.967 0.965 0.963 0.962 0.962 0.961 0.959 0.957 0.956 0.953 0.947 0.939 0.928 0.914 0.899 0.883 0.862 0.824 0.757 0.664 0.570 0.516 0.528 0.599 0.697 0.782 0.839 0.871 0.890 0.907 0.922 0.934 0.944 0.952 0.957 0.960 0.962 0.964 0.966 0.968 0.968 0.970 0.973 0.975 0.975 0.974 0.973 0.973 0.975 0.977 0.979 0.981 0.983 0.983 0.983 0.983
0.975 0.975 0.975 0.975 0.974 0.974 0.974 0.974 0.974 0.972 0.970 0.967 0.965 0.964 0.964 0.966 0.967 0.967 0.965 0.963 0.963 0.962 0.961 0.959 0.957 0.956 0.953 0.947 0.938 0.927 0.912 0.897 0.880 0.858 0.819 0.750 0.655 0.562 0.512 0.530 0.605 0.703 0.786 0.841 0.871 0.890 0.907 0.921 0.934 0.944 0.951 0.956 0.959 0.961 0.963 0.965 0.966 0.967 0.969 0.972 0.974 0.974 0.973 0.971 0.972 0.974 0.976 0.978 0.980 0.981 0.982 0.982 0.982
0.975 0.975 0.975 0.975 0.975 0.975 0.975 0.975 0.974 0.972 0.970 0.968 0.965 0.964 0.965 0.966 0.968 0.967 0.965 0.964 0.963 0.963 0.961 0.960 0.958 0.956 0.953 0.947 0.938 0.926 0.912 0.896 0.879 0.856 0.815 0.743 0.647 0.556 0.511 0.533 0.612 0.709 0.791 0.843 0.872 0.891 0.907 0.922 0.934 0.944 0.951 0.955 0.958 0.960 0.962 0.964 0.966 0.966 0.968 0.971 0.973 0.973 0.971 0.970 0.970 0.972 0.974 0.977 0.979 0.980 0.980 0.980 0.980
0.975 0.975 0.975 0.975 0.975 0.975 0.975 0.975 0.974 0.973 0.970 0.968 0.966 0.965 0.965 0.967 0.968 0.968 0.966 0.965 0.964 0.964 0.962 0.960 0.959 0.957 0.954 0.948 0.939 0.926 0.911 0.895 0.878 0.855 0.812 0.737 0.640 0.551 0.511 0.539 0.620 0.718 0.797 0.846 0.874 0.892 0.909 0.923 0.935 0.945 0.951 0.956 0.958 0.960 0.962 0.964 0.965 0.966 0.968 0.970 0.972 0.971 0.970 0.968 0.969 0.971 0.973 0.975 0.977 0.978 0.979 0.979 0.979
0.975 0.975 0.975 0.975 0.975 0.975 0.975 0.975 0.974 0.972 0.970 0.968 0.966 0.965 0.966 0.968 0.969 0.968 0.966 0.965 0.965 0.964 0.963 0.961 0.959 0.958 0.955 0.948 0.939 0.926 0.911 0.895 0.878 0.853 0.808 0.732 0.634 0.547 0.512 0.545 0.629 0.726 0.803 0.850 0.876 0.894 0.911 0.925 0.937 0.946 0.953 0.957 0.959 0.961 0.963 0.965 0.966 0.966 0.968 0.970 0.972 0.971 0.969 0.968 0.968 0.970 0.972 0.974 0.976 0.977 0.978 0.978 0.978
0.975 0.975 0.975 0.975 0.975 0.975 0.975 0.975 0.974 0.972 0.970 0.968 0.966 0.965 0.966 0.968 0.968 0.968 0.966 0.965 0.965 0.964 0.962 0.961 0.960 0.958 0.955 0.948 0.938 0.925 0.909 0.893 0.876 0.851 0.804 0.725 0.627 0.543 0.512 0.551 0.638 0.734 0.809 0.854 0.878 0.896 0.912 0.927 0.939 0.948 0.954 0.958 0.960 0.962 0.964 0.966 0.967 0.967 0.969 0.971 0.972 0.971 0.969 0.968 0.968 0.970 0.972 0.974 0.976 0.977 0.977 0.977 0.977
0.975 0.975 0.975 0.975 0.975 0.975 0.975 0.975 0.974 0.973 0.970 0.968 0.966 0.965 0.966 0.968 0.968 0.967 0.966 0.965 0.964 0.964 0.962 0.961 0.960 0.958 0.954 0.947 0.937 0.923 0.907 0.891 0.874 0.848 0.799 0.718 0.618 0.537 0.512 0.555 0.645 0.741 0.814 0.856 0.880 0.897 0.914 0.928 0.940 0.949 0.956 0.959 0.961 0.963 0.965 0.967 0.967 0.968 0.970 0.972 0.972 0.971 0.969 0.968 0.969 0.970 0.973 0.975 0.977 0.977 0.977 0.977 0.977
0.975 0.975 0.975 0.975 0.975 0.975 0.976 0.976 0.975 0.973 0.971 0.969 0.967 0.966 0.967 0.968 0.969 0.967 0.966 0.965 0.964 0.964 0.962 0.961 0.960 0.958 0.954 0.946 0.936 0.921 0.905 0.889 0.872 0.844 0.793 0.709 0.609 0.531 0.511 0.559 0.652 0.747 0.817 0.858 0.880 0.898 0.914 0.929 0.941 0.950 0.956 0.959 0.961 0.963 0.965 0.967 0.968 0.968 0.970 0.972 0.973 0.971 0.969 0.968 0.969 0.971 0.973 0.975 0.977 0.978 0.978 0.978 0.978
0.974 0.974 0.974 0.974 0.974 0.975 0.975 0.975 0.974 0.973 0.971 0.969 0.967 0.966 0.967 0.968 0.969 0.967 0.966 0.965 0.964 0.963 0.962 0.961 0.960 0.958 0.953 0.946 0.935 0.920 0.904 0.888 0.870 0.841 0.787 0.701 0.601 0.525 0.510 0.564 0.658 0.753 0.821 0.859 0.881 0.898 0.915 0.930 0.942 0.951 0.957 0.960 0.961 0.963 0.965 0.967 0.968 0.968 0.970 0.972 0.973 0.971 0.969 0.968 0.969 0.971 0.973 0.975 0.977 0.978 0.978 0.978 0.978
0.971 0.972 0.972 0.972 0.972 0.972 0.973 0.973 0.973 0.971 0.969 0.967 0.966 0.965 0.966 0.968 0.968 0.967 0.965 0.964 0.964 0.963 0.961 0.960 0.959 0.957 0.952 0.944 0.933 0.919 0.903 0.887 0.868 0.838 0.781 0.693 0.592 0.520 0.511 0.569 0.666 0.759 0.825 0.862 0.883 0.900 0.916 0.931 0.942 0.951 0.957 0.960 0.961 0.963 0.965 0.967 0.967 0.968 0.970 0.972 0.972 0.971 0.969 0.968 0.969 0.971 0.973 0.975 0.977 0.978 0.977 0.977 0.977
0.967 0.967 0.968 0.968 0.968 0.969 0.969 0.970 0.969 0.968 0.966 0.964 0.963 0.962 0.964 0.965 0.965 0.964 0.963 0.962 0.962 0.961 0.959 0.958 0.957 0.955 0.950 0.942 0.931 0.917 0.901 0.885 0.866 0.834 0.774 0.684 0.584 0.515 0.511 0.574 0.673 0.765 0.829 0.864 0.884 0.901 0.917 0.931 0.943 0.952 0.957 0.960 0.962 0.963 0.965 0.967 0.967 0.968 0.970 0.972 0.972 0.971 0.969 0.969 0.970 0.972 0.974 0.976 0.977 0.977 0.977 0.977 0.977
0.961 0.961 0.962 0.962 0.962 0.963 0.964 0.964 0.964 0.962 0.961 0.959 0.958 0.958 0.959 0.961 0.961 0.960 0.959 0.958 0.958 0.957 0.956 0.955 0.954 0.951 0.946 0.938 0.927 0.914 0.898 0.881 0.861 0.827 0.765 0.673 0.574 0.509 0.511 0.579 0.678 0.769 0.831 0.865 0.885 0.902 0.918 0.932 0.943 0.951 0.957 0.960 0.961 0.963 0.965 0.966 0.967 0.968 0.970 0.972 0.972 0.971 0.969 0.969 0.970 0.972 0.974 0.976 0.977 0.977 0.977 0.977 0.977
0.955 0.955 0.956 0.956 0.956 0.957 0.958 0.958 0.957 0.956 0.955 0.953 0.952 0.952 0.954 0.955 0.956 0.954 0.953 0.953 0.953 0.952 0.951 0.950 0.949 0.946 0.941 0.933 0.922 0.908 0.892 0.875 0.854 0.819 0.754 0.660 0.563 0.503 0.511 0.582 0.682 0.772 0.831 0.863 0.884 0.901 0.917 0.930 0.941 0.949 0.955 0.958 0.960 0.962 0.964 0.965 0.966 0.968 0.970 0.971 0.972 0.970 0.969 0.969 0.970 0.972 0.974 0.976 0.977 0.977 0.977 0.977 0.977
0.950 0.950 0.950 0.950 0.951 0.951 0.952 0.952 0.951 0.950 0.949 0.947 0.946 0.947 0.948 0.950 0.950 0.948 0.947 0.947 0.947 0.946 0.945 0.944 0.943 0.940 0.935 0.927 0.916 0.902 0.885 0.868 0.846 0.809 0.742 0.648 0.552 0.496 0.510 0.585 0.685 0.772 0.829 0.860 0.880 0.898 0.914 0.927 0.938 0.946 0.952 0.955 0.957 0.959 0.961 0.963 0.964 0.965 0.968 0.970 0.970 0.968 0.967 0.968 0.969 0.971 0.973 0.975 0.976 0.977 0.976 0.976 0.977
0.948 0.948 0.948 0.948 0.948 0.948 0.949 0.948 0.947 0.946 0.944 0.943 0.942 0.942 0.944 0.945 0.945 0.943 0.942 0.942 0.942 0.941 0.940 0.939 0.938 0.935 0.929 0.921 0.910 0.895 0.878 0.860 0.839 0.800 0.731 0.636 0.542 0.491 0.510 0.588 0.688 0.772 0.826 0.856 0.876 0.894 0.910 0.923 0.934 0.942 0.947 0.950 0.953 0.955 0.957 0.958 0.960 0.961 0.964 0.966 0.966 0.965 0.964 0.965 0.967 0.969 0.971 0.973 0.974 0.974 0.974 0.974 0.975
0.947 0.947 0.947 0.947 0.947 0.947 0.947 0.947 0.946 0.944 0.943 0.941 0.940 0.940 0.941 0.942 0.942 0.940 0.939 0.939 0.938 0.937 0.936 0.935 0.933 0.930 0.925 0.916 0.905 0.890 0.872 0.855 0.832 0.793 0.722 0.625 0.533 0.487 0.512 0.593 0.692 0.774 0.824 0.852 0.872 0.890 0.906 0.919 0.929 0.937 0.942 0.945 0.947 0.950 0.952 0.953 0.954 0.956 0.959 0.961 0.961 0.960 0.959 0.960 0.962 0.964 0.967 0.969 0.970 0.970 0.970 0.971 0.971
0.943 0.944 0.944 0.944 0.945 0.945 0.946 0.945 0.944 0.943 0.941 0.940 0.939 0.939 0.940 0.941 0.940 0.939 0.938 0.938 0.937 0.936 0.934 0.933 0.931 0.928 0.922 0.914 0.902 0.886 0.869 0.852 0.829 0.788 0.715 0.617 0.527 0.486 0.515 0.599 0.698 0.777 0.824 0.850 0.869 0.886 0.902 0.915 0.925 0.932 0.937 0.940 0.942 0.944 0.946 0.947 0.948 0.950 0.953 0.955 0.955 0.954 0.954 0.955 0.957 0.959 0.961 0.963 0.964 0.965 0.965 0.965 0.966
0.930 0.932 0.933 0.934 0.935 0.936 0.937 0.938 0.937 0.937 0.935 0.934 0.934 0.935 0.936 0.937 0.937 0.936 0.935 0.936 0.935 0.934 0.932 0.931 0.930 0.927 0.921 0.912 0.901 0.885 0.868 0.851 0.828 0.784 0.709 0.609 0.521 0.485 0.520 0.608 0.706 0.782 0.826 0.850 0.868 0.886 0.901 0.913 0.922 0.929 0.934 0.936 0.938 0.940 0.942 0.943 0.944 0.946 0.948 0.950 0.950 0.949 0.948 0.949 0.951 0.953 0.955 0.957 0.958 0.958 0.959 0.959 0.960
0.906 0.908 0.910 0.912 0.914 0.916 0.918 0.919 0.920 0.920 0.919 0.919 0.919 0.921 0.924 0.926 0.926 0.926 0.926 0.927 0.927 0.927 0.926 0.925 0.924 0.921 0.916 0.909 0.897 0.882 0.866 0.849 0.825 0.780 0.701 0.601 0.514 0.484 0.524 0.615 0.714 0.787 0.829 0.852 0.870 0.887 0.902 0.913 0.922 0.928 0.932 0.934 0.936 0.938 0.939 0.940 0.941 0.943 0.945 0.946 0.946 0.945 0.944 0.945 0.946 0.948 0.950 0.951 0.952 0.953 0.953 0.954 0.954
0.877 0.879 0.881 0.883 0.885 0.888 0.890 0.892 0.893 0.893 0.893 0.893 0.894 0.897 0.900 0.903 0.904 0.904 0.906 0.908 0.909 0.909 0.909 0.909 0.909 0.907 0.903 0.896 0.885 0.871 0.855 0.839 0.815 0.768 0.687 0.586 0.503 0.478 0.525 0.619 0.718 0.790 0.830 0.853 0.870 0.887 0.902 0.913 0.921 0.927 0.931 0.933 0.935 0.937 0.939 0.940 0.940 0.942 0.944 0.945 0.944 0.943 0.943 0.943 0.945 0.946 0.947 0.949 0.949 0.949 0.949 0.950 0.951
0.856 0.857 0.858 0.859 0.861 0.863 0.864 0.865 0.865 0.865 0.865 0.864 0.865 0.868 0.872 0.874 0.875 0.876 0.878 0.880 0.881 0.882 0.882 0.882 0.883 0.882 0.878 0.871 0.861 0.847 0.833 0.817 0.794 0.745 0.664 0.564 0.485 0.466 0.518 0.615 0.713 0.783 0.822 0.845 0.863 0.881 0.896 0.907 0.916 0.922 0.926 0.928 0.931 0.933 0.936 0.937 0.938 0.940 0.942 0.943 0.943 0.942 0.941 0.942 0.944 0.945 0.946 0.948 0.948 0.948 0.948 0.949 0.949
0.850 0.850 0.850 0.850 0.850 0.851 0.851 0.850 0.849 0.848 0.846 0.845 0.845 0.847 0.850 0.852 0.852 0.852 0.853 0.854 0.855 0.854 0.854 0.854 0.854 0.853 0.849 0.841 0.830 0.816 0.802 0.787 0.764 0.715 0.633 0.535 0.460 0.448 0.505 0.603 0.698 0.765 0.802 0.825 0.844 0.863 0.878 0.890 0.899 0.906 0.910 0.914 0.917 0.921 0.924 0.926 0.928 0.930 0.933 0.935 0.935 0.935 0.935 0.937 0.939 0.941 0.943 0.945 0.946 0.946 0.946 0.947 0.948
0.854 0.854 0.853 0.853 0.853 0.853 0.852 0.851 0.849 0.846 0.844 0.842 0.841 0.842 0.844 0.845 0.844 0.842 0.842 0.842 0.841 0.840 0.838 0.837 0.836 0.832 0.827 0.818 0.805 0.790 0.775 0.760 0.736 0.686 0.604 0.508 0.438 0.431 0.491 0.588 0.679 0.741 0.775 0.796 0.816 0.835 0.851 0.863 0.873 0.879 0.884 0.889 0.893 0.898 0.901 0.904 0.907 0.910 0.914 0.917 0.918 0.918 0.920 0.922 0.926 0.929 0.931 0.934 0.935 0.937 0.938 0.939 0.941
0.848 0.849 0.850 0.851 0.853 0.854 0.854 0.853 0.852 0.849 0.847 0.845 0.845 0.847 0.849 0.849 0.848 0.846 0.845 0.844 0.843 0.840 0.838 0.836 0.833 0.829 0.821 0.810 0.796 0.779 0.763 0.747 0.722 0.671 0.589 0.495 0.430 0.427 0.488 0.582 0.667 0.723 0.752 0.771 0.790 0.809 0.824 0.836 0.845 0.851 0.856 0.860 0.864 0.869 0.872 0.875 0.878 0.882 0.886 0.889 0.890 0.891 0.893 0.897 0.901 0.905 0.908 0.912 0.914 0.916 0.918 0.921 0.923
0.813 0.817 0.820 0.824 0.828 0.831 0.834 0.835 0.836 0.836 0.835 0.835 0.837 0.841 0.845 0.846 0.846 0.845 0.846 0.846 0.845 0.844 0.842 0.841 0.838 0.833 0.825 0.813 0.798 0.780 0.765 0.749 0.724 0.672 0.591 0.500 0.439 0.441 0.503 0.592 0.671 0.720 0.745 0.761 0.778 0.796 0.810 0.821 0.828 0.833 0.837 0.840 0.843 0.847 0.849 0.851 0.853 0.857 0.860 0.862 0.862 0.863 0.865 0.868 0.872 0.876 0.880 0.883 0.886 0.888 0.890 0.893 0.896
0.750 0.755 0.760 0.765 0.771 0.777 0.782 0.785 0.788 0.790 0.792 0.795 0.800 0.806 0.812 0.816 0.818 0.819 0.822 0.825 0.827 0.827 0.828 0.829 0.828 0.825 0.818 0.807 0.792 0.777 0.763 0.750 0.726 0.675 0.596 0.510 0.456 0.462 0.526 0.612 0.685 0.728 0.750 0.765 0.781 0.798 0.811 0.821 0.828 0.832 0.834 0.836 0.838 0.840 0.842 0.842 0.843 0.845 0.847 0.847 0.846 0.845 0.846 0.848 0.851 0.854 0.857 0.859 0.861 0.862 0.864 0.866 0.868
0.682 0.687 0.691 0.696 0.701 0.707 0.711 0.715 0.719 0.721 0.724 0.728 0.734 0.742 0.749 0.754 0.757 0.761 0.765 0.770 0.774 0.777 0.781 0.784 0.786 0.784 0.779 0.770 0.758 0.746 0.736 0.727 0.706 0.659 0.584 0.504 0.458 0.471 0.537 0.622 0.691 0.731 0.750 0.765 0.782 0.799 0.814 0.825 0.833 0.837 0.839 0.841 0.843 0.845 0.846 0.846 0.846 0.848 0.849 0.848 0.845 0.843 0.843 0.844 0.846 0.848 0.849 0.850 0.851 0.851 0.851 0.852 0.853
0.646 0.647 0.647 0.649 0.651 0.654 0.656 0.658 0.659 0.659 0.660 0.662 0.667 0.673 0.679 0.683 0.685 0.688 0.692 0.697 0.701 0.704 0.709 0.713 0.715 0.714 0.709 0.702 0.692 0.683 0.677 0.671 0.655 0.611 0.541 0.468 0.429 0.449 0.518 0.603 0.668 0.705 0.724 0.740 0.759 0.779 0.796 0.810 0.820 0.826 0.830 0.834 0.837 0.841 0.843 0.844 0.846 0.849 0.851 0.850 0.848 0.847 0.847 0.848 0.850 0.852 0.853 0.854 0.854 0.853 0.853 0.853 0.853
0.661 0.658 0.654 0.652 0.650 0.648 0.646 0.644 0.640 0.637 0.634 0.632 0.633 0.636 0.638 0.638 0.637 0.636 0.637 0.638 0.640 0.641 0.643 0.645 0.644 0.641 0.634 0.625 0.615 0.607 0.602 0.599 0.584 0.542 0.474 0.406 0.373 0.399 0.470 0.552 0.614 0.648 0.665 0.682 0.702 0.723 0.743 0.760 0.773 0.783 0.790 0.796 0.802 0.808 0.813 0.817 0.822 0.827 0.831 0.833 0.833 0.834 0.836 0.840 0.843 0.847 0.850 0.852 0.853 0.853 0.854 0.855 0.855
0.720 0.714 0.708 0.703 0.698 0.693 0.688 0.681 0.675 0.667 0.661 0.655 0.653 0.651 0.649 0.645 0.639 0.634 0.630 0.628 0.624 0.621 0.619 0.616 0.612 0.604 0.593 0.580 0.566 0.555 0.549 0.544 0.527 0.483 0.414 0.347 0.318 0.345 0.415 0.494 0.550 0.579 0.593 0.608 0.627 0.648 0.668 0.686 0.701 0.712 0.720 0.728 0.736 0.744 0.751 0.757 0.765 0.773 0.780 0.784 0.787 0.790 0.795 0.801 0.808 0.814 0.819 0.824 0.827 0.830 0.833 0.836 0.839
0.790 0.784 0.779 0.773 0.768 0.763 0.757 0.749 0.742 0.733 0.725 0.719 0.714 0.711 0.706 0.699 0.690 0.683 0.676 0.670 0.663 0.657 0.650 0.644 0.635 0.622 0.607 0.589 0.571 0.556 0.546 0.536 0.513 0.464 0.391 0.322 0.293 0.321 0.389 0.462 0.512 0.534 0.544 0.554 0.570 0.588 0.605 0.621 0.634 0.643 0.650 0.657 0.664 0.671 0.678 0.684 0.692 0.701 0.708 0.713 0.717 0.721 0.727 0.735 0.743 0.751 0.758 0.765 0.770 0.775 0.780 0.786 0.791
0.839 0.836 0.833 0.830 0.827 0.823 0.819 0.813 0.807 0.800 0.793 0.788 0.785 0.782 0.778 0.771 0.763 0.756 0.749 0.743 0.735 0.727 0.720 0.711 0.701 0.686 0.669 0.648 0.627 0.608 0.594 0.579 0.550 0.494 0.416 0.344 0.316 0.344 0.410 0.478 0.523 0.540 0.545 0.552 0.563 0.576 0.589 0.600 0.609 0.614 0.617 0.620 0.623 0.627 0.630 0.634 0.639 0.646 0.650 0.653 0.654 0.657 0.662 0.669 0.676 0.683 0.689 0.695 0.700 0.705 0.710 0.716 0.722
0.857 0.856 0.855 0.855 0.854 0.853 0.851 0.848 0.845 0.840 0.837 0.834 0.833 0.833 0.831 0.827 0.822 0.817 0.813 0.808 0.802 0.796 0.790 0.783 0.774 0.761 0.744 0.724 0.702 0.682 0.665 0.648 0.614 0.552 0.469 0.397 0.371 0.402 0.469 0.536 0.578 0.594 0.597 0.602 0.610 0.620 0.629 0.636 0.640 0.640 0.639 0.638 0.637 0.636 0.635 0.634 0.636 0.637 0.638 0.636 0.633 0.632 0.634 0.637 0.640 0.644 0.647 0.649 0.651 0.653 0.655 0.659 0.663
0.855 0.855 0.855 0.856 0.856 0.857 0.856 0.854 0.853 0.851 0.849 0.849 0.850 0.852 0.852 0.851 0.848 0.846 0.845 0.843 0.840 0.836 0.833 0.829 0.822 0.812 0.798 0.780 0.760 0.741 0.725 0.706 0.669 0.603 0.519 0.449 0.427 0.464 0.536 0.605 0.649 0.666 0.671 0.677 0.686 0.696 0.703 0.708 0.710 0.708 0.704 0.700 0.697 0.693 0.689 0.685 0.683 0.681 0.677 0.672 0.665 0.660 0.658 0.657 0.657 0.656 0.655 0.653 0.650 0.648 0.646 0.646 0.645
0.855 0.854 0.854 0.854 0.854 0.853 0.852 0.851 0.849 0.847 0.846 0.846 0.848 0.850 0.851 0.850 0.849 0.849 0.849 0.848 0.846 0.845 0.843 0.841 0.837 0.829 0.818 0.803 0.785 0.768 0.753 0.733 0.693 0.625 0.540 0.472 0.457 0.502 0.580 0.655 0.701 0.722 0.732 0.742 0.754 0.766 0.774 0.780 0.782 0.780 0.777 0.774 0.771 0.767 0.762 0.758 0.755 0.752 0.747 0.740 0.732 0.725 0.721 0.719 0.716 0.713 0.709 0.704 0.699 0.693 0.688 0.684 0.680
0.869 0.867 0.865 0.864 0.863 0.861 0.859 0.857 0.854 0.851 0.848 0.847 0.848 0.850 0.849 0.848 0.846 0.845 0.845 0.844 0.842 0.840 0.839 0.837 0.833 0.826 0.816 0.802 0.785 0.768 0.753 0.732 0.689 0.616 0.530 0.465 0.457 0.509 0.594 0.672 0.722 0.746 0.760 0.774 0.790 0.804 0.815 0.822 0.826 0.827 0.826 0.826 0.825 0.823 0.821 0.818 0.816 0.815 0.811 0.805 0.798 0.793 0.790 0.788 0.786 0.783 0.779 0.775 0.769 0.763 0.758 0.753 0.747
0.896 0.893 0.890 0.888 0.886 0.884 0.881 0.877 0.873 0.869 0.866 0.864 0.863 0.863 0.861 0.858 0.855 0.853 0.852 0.850 0.846 0.843 0.841 0.838 0.833 0.826 0.815 0.800 0.782 0.765 0.748 0.723 0.675 0.597 0.507 0.444 0.441 0.500 0.589 0.670 0.721 0.747 0.763 0.779 0.797 0.812 0.824 0.832 0.837 0.840 0.842 0.844 0.846 0.847 0.846 0.846 0.847 0.847 0.845 0.842 0.838 0.835 0.835 0.835 0.835 0.835 0.833 0.830 0.827 0.823 0.819 0.816 0.812
0.923 0.920 0.918 0.916 0.914 0.912 0.909 0.905 0.901 0.897 0.893 0.891 0.890 0.889 0.886 0.882 0.879 0.876 0.874 0.870 0.866 0.862 0.858 0.854 0.848 0.840 0.828 0.812 0.793 0.774 0.755 0.725 0.670 0.585 0.492 0.431 0.432 0.495 0.588 0.669 0.720 0.746 0.762 0.778 0.795 0.810 0.821 0.828 0.833 0.837 0.839 0.842 0.845 0.846 0.847 0.848 0.850 0.852 0.851 0.849 0.847 0.847 0.849 0.851 0.853 0.854 0.855 0.855 0.853 0.852 0.851 0.850 0.848
0.941 0.939 0.938 0.937 0.935 0.934 0.931 0.929 0.926 0.922 0.919 0.917 0.917 0.916 0.913 0.910 0.906 0.904 0.902 0.898 0.894 0.890 0.886 0.882 0.875 0.866 0.854 0.838 0.818 0.798 0.776 0.742 0.681 0.590 0.494 0.433 0.439 0.507 0.602 0.684 0.734 0.758 0.774 0.789 0.805 0.817 0.826 0.832 0.835 0.837 0.839 0.841 0.843 0.844 0.844 0.845 0.846 0.848 0.847 0.845 0.844 0.844 0.846 0.849 0.851 0.853 0.855 0.855 0.855 0.855 0.856 0.856 0.856
0.949 0.948 0.947 0.947 0.946 0.945 0.944 0.942 0.940 0.937 0.935 0.934 0.935 0.934 0.933 0.930 0.927 0.926 0.924 0.921 0.918 0.915 0.912 0.908 0.901 0.893 0.881 0.865 0.845 0.826 0.803 0.765 0.699 0.604 0.506 0.448 0.460 0.533 0.630 0.712 0.761 0.785 0.800 0.815 0.829 0.840 0.847 0.851 0.853 0.854 0.854 0.855 0.856 0.855 0.854 0.854 0.854 0.854 0.853 0.850 0.848 0.847 0.848 0.850 0.851 0.853 0.853 0.853 0.853 0.852 0.852 0.853 0.853
0.951 0.950 0.950 0.950 0.949 0.949 0.948 0.946 0.945 0.943 0.942 0.942 0.943 0.943 0.942 0.940 0.938 0.937 0.936 0.934 0.932 0.929 0.927 0.924 0.918 0.910 0.898 0.883 0.865 0.846 0.823 0.783 0.714 0.616 0.519 0.466 0.483 0.561 0.660 0.742 0.790 0.815 0.831 0.846 0.859 0.869 0.875 0.879 0.881 0.881 0.881 0.881 0.881 0.880 0.878 0.877 0.877 0.876 0.873 0.870 0.866 0.865 0.865 0.866 0.866 0.866 0.865 0.864 0.862 0.861 0.860 0.859 0.858
0.952 0.951 0.951 0.951 0.951 0.950 0.949 0.948 0.946 0.945 0.944 0.944 0.945 0.946 0.945 0.943 0.941 0.941 0.940 0.939 0.937 0.935 0.933 0.930 0.925 0.916 0.905 0.890 0.873 0.855 0.832 0.791 0.719 0.621 0.526 0.478 0.502 0.584 0.684 0.765 0.812 0.837 0.854 0.869 0.883 0.894 0.900 0.904 0.907 0.907 0.908 0.908 0.908 0.907 0.906 0.905 0.904 0.903 0.901 0.897 0.894 0.893 0.893 0.893 0.893 0.892 0.890 0.888 0.886 0.884 0.882 0.880 0.878
0.955 0.955 0.954 0.954 0.954 0.953 0.951 0.950 0.948 0.946 0.945 0.945 0.947 0.947 0.946 0.944 0.942 0.942 0.941 0.940 0.938 0.937 0.935 0.931 0.926 0.917 0.905 0.890 0.873 0.855 0.832 0.790 0.716 0.617 0.526 0.484 0.513 0.598 0.698 0.777 0.823 0.848 0.865 0.881 0.896 0.907 0.914 0.920 0.923 0.924 0.925 0.927 0.927 0.927 0.926 0.926 0.927 0.926 0.924 0.921 0.919 0.919 0.919 0.919 0.919 0.919 0.918 0.916 0.914 0.912 0.910 0.908 0.906
0.960 0.960 0.959 0.959 0.959 0.957 0.956 0.954 0.952 0.950 0.949 0.949 0.950 0.950 0.949 0.946 0.945 0.944 0.943 0.942 0.940 0.938 0.936 0.933 0.926 0.917 0.905 0.889 0.872 0.853 0.829 0.785 0.709 0.610 0.522 0.486 0.520 0.608 0.706 0.782 0.826 0.850 0.868 0.885 0.900 0.911 0.920 0.925 0.929 0.931 0.933 0.935 0.936 0.936 0.936 0.937 0.938 0.939 0.938 0.935 0.934 0.934 0.936 0.937 0.937 0.938 0.937 0.936 0.935 0.934 0.933 0.932 0.930
0.966 0.965 0.965 0.964 0.964 0.963 0.961 0.959 0.957 0.955 0.953 0.954 0.955 0.955 0.953 0.951 0.949 0.948 0.947 0.945 0.943 0.942 0.940 0.935 0.928 0.919 0.906 0.890 0.872 0.853 0.827 0.780 0.702 0.603 0.518 0.487 0.526 0.615 0.712 0.785 0.828 0.851 0.869 0.886 0.901 0.913 0.921 0.927 0.931 0.933 0.935 0.937 0.938 0.939 0.940 0.941 0.942 0.943 0.942 0.941 0.940 0.941 0.942 0.944 0.945 0.946 0.946 0.946 0.945 0.945 0.945 0.944 0.944
0.971 0.970 0.970 0.970 0.969 0.968 0.966 0.964 0.962 0.960 0.958 0.959 0.960 0.960 0.958 0.956 0.954 0.953 0.952 0.950 0.948 0.946 0.944 0.939 0.932 0.922 0.909 0.892 0.874 0.855 0.827 0.777 0.696 0.596 0.514 0.488 0.532 0.623 0.719 0.790 0.830 0.853 0.872 0.889 0.904 0.915 0.923 0.929 0.933 0.935 0.937 0.938 0.940 0.940 0.941 0.942 0.944 0.944 0.943 0.942 0.941 0.942 0.944 0.946 0.947 0.948 0.949 0.949 0.948 0.948 0.948 0.949 0.948
0.974 0.973 0.973 0.973 0.973 0.972 0.970 0.968 0.966 0.964 0.963 0.963 0.964 0.964 0.963 0.960 0.959 0.958 0.957 0.955 0.953 0.951 0.948 0.944 0.936 0.926 0.912 0.896 0.878 0.858 0.828 0.775 0.691 0.591 0.511 0.491 0.540 0.632 0.728 0.796 0.836 0.858 0.877 0.894 0.908 0.919 0.927 0.933 0.937 0.939 0.940 0.941 0.942 0.943 0.943 0.945 0.946 0.947 0.945 0.944 0.943 0.944 0.946 0.947 0.949 0.950 0.950 0.950 0.949 0.949 0.949 0.950 0.949
0.976 0.976 0.976 0.976 0.976 0.975 0.973 0.971 0.969 0.967 0.966 0.967 0.968 0.968 0.966 0.964 0.963 0.962 0.961 0.959 0.957 0.955 0.953 0.947 0.940 0.929 0.916 0.900 0.882 0.861 0.830 0.774 0.687 0.587 0.511 0.496 0.549 0.644 0.738 0.805 0.843 0.865 0.883 0.900 0.914 0.924 0.932 0.938 0.942 0.944 0.945 0.946 0.947 0.947 0.948 0.949 0.951 0.951 0.949 0.947 0.947 0.948 0.949 0.951 0.952 0.953 0.953 0.952 0.952 0.952 0.952 0.952 0.951
0.977 0.976 0.977 0.977 0.977 0.976 0.974 0.972 0.970 0.968 0.968 0.969 0.970 0.970 0.968 0.966 0.965 0.965 0.964 0.962 0.960 0.958 0.956 0.951 0.942 0.932 0.918 0.902 0.885 0.864 0.832 0.773 0.684 0.583 0.511 0.502 0.560 0.656 0.750 0.814 0.851 0.872 0.889 0.906 0.919 0.930 0.938 0.943 0.947 0.949 0.950 0.951 0.952 0.953 0.953 0.955 0.956 0.956 0.954 0.953 0.952 0.953 0.954 0.956 0.957 0.958 0.958 0.957 0.957 0.956 0.956 0.956 0.956
0.977 0.977 0.977 0.977 0.977 0.976 0.974 0.972 0.970 0.968 0.968 0.970 0.971 0.971 0.969 0.967 0.966 0.966 0.965 0.963 0.962 0.960 0.958 0.953 0.944 0.933 0.919 0.903 0.886 0.865 0.832 0.771 0.680 0.580 0.512 0.508 0.571 0.669 0.761 0.823 0.858 0.878 0.895 0.911 0.924 0.935 0.943 0.948 0.952 0.953 0.955 0.956 0.957 0.958 0.958 0.960 0.961 0.961 0.959 0.958 0.957 0.958 0.960 0.962 0.963 0.964 0.964 0.963 0.962 0.962 0.962 0.962 0.961
0.977 0.977 0.977 0.977 0.977 0.976 0.974 0.972 0.970 0.968 0.968 0.970 0.971 0.971 0.969 0.968 0.967 0.966 0.965 0.964 0.962 0.961 0.959 0.953 0.945 0.933 0.918 0.902 0.885 0.865 0.829 0.766 0.674 0.575 0.511 0.514 0.581 0.680 0.770 0.830 0.863 0.882 0.899 0.915 0.928 0.939 0.947 0.952 0.955 0.957 0.958 0.960 0.961 0.961 0.962 0.964 0.965 0.965 0.964 0.962 0.962 0.963 0.965 0.967 0.968 0.969 0.969 0.968 0.967 0.967 0.967 0.967 0.966
0.977 0.977 0.977 0.977 0.977 0.975 0.974 0.971 0.969 0.968 0.968 0.970 0.971 0.971 0.969 0.968 0.967 0.967 0.966 0.964 0.962 0.961 0.959 0.953 0.944 0.932 0.917 0.901 0.884 0.863 0.826 0.761 0.667 0.570 0.511 0.519 0.589 0.689 0.777 0.835 0.866 0.884 0.901 0.917 0.930 0.941 0.949 0.955 0.957 0.959 0.960 0.962 0.963 0.964 0.965 0.967 0.968 0.968 0.966 0.965 0.965 0.966 0.968 0.970 0.972 0.972 0.972 0.972 0.971 0.971 0.971 0.971 0.971
0.977 0.977 0.978 0.978 0.977 0.976 0.973 0.971 0.969 0.968 0.969 0.970 0.972 0.971 0.970 0.968 0.967 0.967 0.966 0.964 0.962 0.961 0.959 0.953 0.944 0.931 0.916 0.900 0.883 0.861 0.822 0.755 0.660 0.565 0.510 0.524 0.598 0.697 0.783 0.838 0.867 0.886 0.902 0.918 0.932 0.943 0.951 0.956 0.958 0.960 0.961 0.963 0.964 0.965 0.966 0.968 0.969 0.969 0.967 0.966 0.966 0.968 0.970 0.972 0.974 0.975 0.975 0.974 0.974 0.974 0.974 0.974 0.974
0.977 0.977 0.978 0.978 0.977 0.975 0.973 0.971 0.969 0.968 0.969 0.971 0.972 0.971 0.970 0.968 0.968 0.967 0.966 0.964 0.962 0.961 0.958 0.953 0.943 0.931 0.916 0.899 0.882 0.859 0.819 0.749 0.654 0.561 0.511 0.529 0.607 0.706 0.789 0.841 0.869 0.887 0.903 0.919 0.933 0.943 0.951 0.956 0.958 0.960 0.961 0.963 0.964 0.965 0.966 0.968 0.969 0.969 0.967 0.966 0.967 0.968 0.970 0.973 0.974 0.975 0.975 0.975 0.975 0.975 0.975 0.975 0.975
0.977 0.977 0.977 0.977 0.977 0.975 0.973 0.971 0.969 0.968 0.969 0.970 0.972 0.971 0.969 0.968 0.967 0.967 0.966 0.964 0.962 0.961 0.958 0.952 0.943 0.930 0.915 0.899 0.881 0.857 0.815 0.743 0.647 0.556 0.512 0.535 0.615 0.714 0.795 0.845 0.871 0.889 0.905 0.920 0.934 0.944 0.952 0.956 0.958 0.960 0.961 0.963 0.964 0.965 0.966 0.968 0.969 0.968 0.967 0.966 0.966 0.968 0.970 0.972 0.974 0.975 0.975 0.975 0.975 0.975 0.975 0.975 0.975
0.977 0.977 0.977 0.977 0.976 0.975 0.972 0.970 0.968 0.967 0.968 0.970 0.971 0.971 0.969 0.967 0.967 0.966 0.965 0.963 0.961 0.960 0.957 0.951 0.941 0.929 0.914 0.898 0.880 0.855 0.811 0.736 0.640 0.552 0.512 0.541 0.624 0.722 0.800 0.848 0.873 0.891 0.907 0.922 0.935 0.945 0.952 0.956 0.958 0.960 0.962 0.963 0.964 0.965 0.966 0.968 0.969 0.968 0.966 0.965 0.966 0.968 0.970 0.972 0.974 0.975 0.975 0.975 0.975 0.975 0.975 0.975 0.975
0.977 0.977 0.977 0.977 0.976 0.975 0.972 0.970 0.968 0.967 0.968 0.970 0.971 0.970 0.968 0.966 0.966 0.965 0.964 0.962 0.960 0.959 0.955 0.949 0.940 0.927 0.912 0.896 0.878 0.852 0.805 0.728 0.631 0.546 0.511 0.545 0.631 0.728 0.804 0.850 0.875 0.892 0.908 0.923 0.935 0.945 0.952 0.956 0.958 0.960 0.962 0.964 0.964 0.965 0.966 0.968 0.969 0.968 0.966 0.965 0.966 0.968 0.970 0.972 0.974 0.975 0.975 0.975 0.975 0.975 0.975 0.975 0.975
0.979 0.978 0.979 0.978 0.977 0.975 0.973 0.971 0.969 0.968 0.969 0.971 0.971 0.970 0.968 0.966 0.966 0.965 0.963 0.961 0.960 0.958 0.954 0.947 0.938 0.925 0.910 0.894 0.875 0.848 0.798 0.719 0.622 0.540 0.510 0.549 0.637 0.733 0.808 0.852 0.876 0.893 0.909 0.924 0.935 0.945 0.951 0.955 0.957 0.959 0.961 0.963 0.964 0.965 0.966 0.968 0.969 0.968 0.966 0.965 0.966 0.968 0.970 0.972 0.974 0.975 0.975 0.975 0.975 0.975 0.975 0.975 0.975
0.980 0.980 0.980 0.980 0.979 0.977 0.975 0.972 0.970 0.969 0.970 0.972 0.972 0.971 0.968 0.967 0.966 0.965 0.963 0.961 0.960 0.958 0.953 0.946 0.936 0.924 0.909 0.892 0.873 0.844 0.793 0.711 0.613 0.534 0.510 0.554 0.643 0.739 0.811 0.853 0.877 0.894 0.909 0.924 0.935 0.944 0.950 0.954 0.956 0.959 0.961 0.962 0.963 0.964 0.966 0.968 0.968 0.967 0.965 0.964 0.965 0.967 0.970 0.972 0.974 0.975 0.975 0.975 0.975 0.975 0.975 0.975 0.975
0.982 0.982 0.982 0.982 0.980 0.979 0.976 0.974 0.972 0.971 0.972 0.973 0.974 0.972 0.969 0.968 0.967 0.966 0.964 0.962 0.960 0.958 0.954 0.946 0.936 0.923 0.908 0.892 0.872 0.842 0.788 0.704 0.606 0.530 0.512 0.560 0.651 0.746 0.815 0.855 0.878 0.895 0.910 0.924 0.935 0.944 0.950 0.954 0.956 0.958 0.960 0.962 0.962 0.963 0.965 0.967 0.968 0.966 0.964 0.964 0.965 0.967 0.970 0.972 0.974 0.974 0.974 0.974 0.974 0.975 0.975 0.975 0.975
0.983 0.983 0.983 0.983 0.982 0.980 0.977 0.975 0.973 0.972 0.973 0.975 0.975 0.973 0.970 0.969 0.968 0.967 0.965 0.963 0.962 0.959 0.954 0.947 0.936 0.923 0.908 0.892 0.872 0.840 0.784 0.698 0.601 0.528 0.515 0.567 0.660 0.753 0.820 0.859 0.880 0.896 0.912 0.925 0.936 0.944 0.950 0.954 0.956 0.958 0.960 0.962 0.962 0.963 0.965 0.967 0.968 0.966 0.964 0.964 0.965 0.967 0.970 0.972 0.974 0.974 0.974 0.974 0.974 0.974 0.975 0.975 0.975
0.983 0.983 0.984 0.983 0.982 0.980 0.978 0.976 0.974 0.973 0.974 0.976 0.976 0.973 0.971 0.970 0.969 0.968 0.966 0.964 0.963 0.960 0.955 0.947 0.937 0.924 0.908 0.892 0.872 0.839 0.780 0.693 0.596 0.527 0.519 0.576 0.670 0.762 0.826 0.863 0.883 0.899 0.914 0.927 0.938 0.946 0.952 0.955 0.957 0.959 0.961 0.962 0.963 0.964 0.966 0.968 0.968 0.967 0.965 0.965 0.966 0.968 0.971 0.973 0.974 0.975 0.975 0.974 0.974 0.975 0.975 0.975 0.975
0.984 0.984 0.984 0.984 0.982 0.981 0.978 0.976 0.974 0.974 0.975 0.976 0.976 0.974 0.971 0.970 0.970 0.969 0.967 0.965 0.963 0.961 0.956 0.947 0.937 0.923 0.908 0.892 0.871 0.836 0.775 0.687 0.590 0.525 0.523 0.584 0.680 0.770 0.832 0.866 0.886 0.902 0.917 0.929 0.940 0.948 0.953 0.957 0.959 0.961 0.962 0.964 0.964 0.966 0.968 0.970 0.970 0.968 0.966 0.966 0.968 0.970 0.972 0.974 0.975 0.976 0.976 0.975 0.975 0.976 0.976 0.975 0.975
0.985 0.985 0.985 0.984 0.983 0.981 0.979 0.976 0.974 0.974 0.975 0.977 0.976 0.974 0.972 0.971 0.970 0.969 0.967 0.965 0.963 0.961 0.955 0.947 0.936 0.923 0.907 0.891 0.869 0.833 0.770 0.679 0.584 0.523 0.526 0.592 0.688 0.777 0.836 0.869 0.889 0.904 0.919 0.931 0.942 0.950 0.955 0.958 0.960 0.962 0.964 0.965 0.966 0.967 0.969 0.971 0.971 0.969 0.968 0.968 0.970 0.972 0.974 0.976 0.977 0.978 0.977 0.977 0.977 0.977 0.977 0.977 0.977
0.986 0.986 0.986 0.986 0.984 0.982 0.980 0.977 0.975 0.975 0.976 0.978 0.977 0.975 0.972 0.971 0.971 0.969 0.967 0.965 0.964 0.961 0.955 0.946 0.935 0.922 0.906 0.890 0.868 0.830 0.764 0.672 0.578 0.521 0.529 0.599 0.696 0.783 0.840 0.872 0.890 0.906 0.921 0.933 0.943 0.951 0.956 0.959 0.961 0.963 0.965 0.966 0.967 0.968 0.971 0.972 0.972 0.971 0.969 0.970 0.971 0.974 0.976 0.978 0.979 0.979 0.979 0.978 0.978 0.979 0.979 0.978 0.978
0.988 0.988 0.988 0.987 0.986 0.984 0.981 0.979 0.977 0.977 0.978 0.979 0.978 0.976 0.974 0.972 0.972 0.970 0.968 0.966 0.964 0.961 0.955 0.946 0.935 0.921 0.906 0.889 0.866 0.826 0.758 0.664 0.571 0.519 0.532 0.606 0.703 0.789 0.844 0.874 0.892 0.907 0.922 0.934 0.944 0.952 0.957 0.960 0.962 0.964 0.965 0.967 0.967 0.969 0.971 0.973 0.973 0.971 0.970 0.970 0.972 0.975 0.977 0.979 0.980 0.980 0.980 0.979 0.980 0.980 0.980 0.980 0.979
0.989 0.989 0.989 0.989 0.987 0.985 0.983 0.980 0.978 0.978 0.980 0.981 0.979 0.977 0.975 0.974 0.973 0.972 0.970 0.968 0.966 0.962 0.956 0.947 0.935 0.921 0.906 0.889 0.865 0.823 0.752 0.657 0.566 0.517 0.536 0.613 0.711 0.795 0.848 0.876 0.894 0.909 0.923 0.935 0.945 0.953 0.958 0.960 0.962 0.964 0.966 0.967 0.968 0.970 0.972 0.973 0.973 0.971 0.970 0.971 0.973 0.975 0.978 0.979 0.980 0.981 0.980 0.980 0.980 0.980 0.980 0.980 0.980
