0.983 0.984 0.985 0.986 0.986 0.987 0.987 0.987 0.987 0.986 0.986 0.987 0.987 0.987 0.988 0.988 0.988 0.988 0.988 0.986 0.983 0.980 0.978 0.980 0.980 0.978 0.975 0.974 0.973 0.971 0.968 0.961 0.947 0.928 0.906 0.880 0.824 0.705 0.565 0.520 0.616 0.759 0.853 0.893 0.917 0.939 0.955 0.967 0.973 0.976 0.979 0.981 0.983 0.987 0.989 0.988 0.987 0.990 0.993 0.996 0.998 0.998 0.998 0.998 0.998 0.999 0.999 0.998 0.998 0.999 1.000 0.999 0.999
0.981 0.982 0.983 0.983 0.984 0.984 0.984 0.985 0.984 0.983 0.983 0.984 0.984 0.984 0.985 0.985 0.985 0.985 0.985 0.983 0.981 0.977 0.976 0.977 0.977 0.975 0.972 0.972 0.970 0.968 0.965 0.958 0.944 0.925 0.902 0.876 0.816 0.693 0.555 0.522 0.626 0.768 0.856 0.893 0.918 0.939 0.955 0.966 0.972 0.975 0.978 0.980 0.982 0.986 0.988 0.987 0.986 0.989 0.993 0.996 0.997 0.997 0.998 0.998 0.998 0.998 0.999 0.998 0.998 0.999 1.000 1.000 1.000
0.981 0.982 0.982 0.983 0.983 0.983 0.983 0.984 0.983 0.982 0.982 0.982 0.983 0.983 0.983 0.982 0.982 0.983 0.983 0.981 0.978 0.975 0.973 0.975 0.975 0.971 0.970 0.969 0.967 0.965 0.962 0.955 0.941 0.921 0.899 0.871 0.807 0.679 0.547 0.525 0.636 0.776 0.858 0.894 0.917 0.938 0.954 0.965 0.970 0.973 0.976 0.978 0.980 0.985 0.986 0.985 0.985 0.988 0.991 0.994 0.996 0.996 0.996 0.997 0.997 0.997 0.998 0.997 0.997 0.998 0.999 0.999 0.999
0.983 0.984 0.984 0.984 0.985 0.985 0.985 0.985 0.984 0.983 0.982 0.983 0.983 0.983 0.983 0.982 0.982 0.983 0.982 0.980 0.977 0.973 0.972 0.973 0.973 0.970 0.968 0.967 0.965 0.963 0.960 0.952 0.937 0.917 0.895 0.866 0.798 0.666 0.538 0.528 0.646 0.783 0.860 0.894 0.917 0.938 0.953 0.963 0.968 0.971 0.974 0.976 0.978 0.982 0.984 0.982 0.982 0.985 0.989 0.992 0.993 0.993 0.994 0.994 0.995 0.995 0.995 0.995 0.995 0.996 0.997 0.997 0.997
0.984 0.985 0.986 0.986 0.987 0.987 0.987 0.987 0.986 0.985 0.984 0.985 0.985 0.985 0.984 0.984 0.984 0.984 0.983 0.981 0.977 0.974 0.973 0.974 0.973 0.970 0.968 0.967 0.965 0.963 0.959 0.950 0.935 0.915 0.892 0.862 0.788 0.652 0.530 0.532 0.655 0.789 0.862 0.894 0.917 0.937 0.952 0.961 0.966 0.969 0.972 0.973 0.976 0.980 0.981 0.979 0.980 0.983 0.986 0.989 0.990 0.990 0.991 0.991 0.992 0.992 0.992 0.992 0.992 0.994 0.994 0.994 0.994
0.985 0.986 0.987 0.987 0.988 0.988 0.988 0.988 0.987 0.986 0.986 0.986 0.986 0.986 0.986 0.985 0.985 0.986 0.984 0.982 0.978 0.975 0.974 0.976 0.975 0.971 0.970 0.969 0.966 0.964 0.960 0.950 0.934 0.914 0.891 0.858 0.779 0.640 0.524 0.538 0.666 0.797 0.865 0.895 0.918 0.938 0.952 0.961 0.965 0.968 0.971 0.972 0.974 0.978 0.979 0.977 0.978 0.981 0.984 0.987 0.987 0.987 0.988 0.988 0.988 0.989 0.989 0.989 0.989 0.990 0.991 0.991 0.991
0.986 0.987 0.987 0.988 0.988 0.988 0.988 0.988 0.988 0.987 0.987 0.987 0.987 0.987 0.987 0.986 0.986 0.987 0.985 0.983 0.979 0.976 0.976 0.977 0.976 0.973 0.972 0.970 0.968 0.965 0.961 0.951 0.934 0.913 0.891 0.856 0.771 0.630 0.521 0.546 0.679 0.805 0.869 0.898 0.921 0.940 0.953 0.962 0.965 0.969 0.971 0.972 0.974 0.978 0.978 0.976 0.977 0.980 0.983 0.985 0.986 0.985 0.986 0.986 0.986 0.987 0.987 0.986 0.986 0.987 0.988 0.988 0.988
0.985 0.986 0.986 0.987 0.988 0.988 0.988 0.988 0.987 0.986 0.987 0.987 0.987 0.987 0.987 0.986 0.987 0.987 0.986 0.983 0.979 0.976 0.976 0.978 0.976 0.973 0.972 0.971 0.968 0.966 0.961 0.951 0.934 0.913 0.890 0.853 0.764 0.621 0.520 0.556 0.692 0.814 0.874 0.902 0.924 0.942 0.956 0.964 0.967 0.971 0.973 0.974 0.976 0.980 0.980 0.977 0.978 0.981 0.984 0.986 0.987 0.986 0.986 0.987 0.986 0.987 0.986 0.986 0.986 0.987 0.987 0.986 0.986
0.982 0.983 0.984 0.985 0.985 0.986 0.986 0.986 0.985 0.985 0.985 0.986 0.986 0.986 0.986 0.986 0.986 0.986 0.985 0.982 0.979 0.976 0.976 0.978 0.976 0.973 0.972 0.971 0.968 0.966 0.961 0.950 0.933 0.911 0.888 0.849 0.755 0.611 0.519 0.566 0.705 0.822 0.878 0.905 0.927 0.945 0.958 0.965 0.969 0.972 0.975 0.976 0.978 0.982 0.981 0.979 0.980 0.983 0.986 0.988 0.988 0.988 0.988 0.988 0.988 0.988 0.988 0.987 0.987 0.988 0.988 0.987 0.987
0.980 0.981 0.982 0.982 0.983 0.983 0.983 0.983 0.983 0.982 0.982 0.983 0.983 0.983 0.984 0.983 0.984 0.984 0.983 0.980 0.976 0.974 0.975 0.977 0.975 0.972 0.971 0.970 0.967 0.965 0.960 0.948 0.931 0.909 0.886 0.844 0.744 0.601 0.518 0.575 0.716 0.828 0.881 0.907 0.929 0.947 0.959 0.966 0.970 0.973 0.975 0.976 0.979 0.983 0.982 0.980 0.981 0.984 0.988 0.990 0.990 0.989 0.990 0.990 0.990 0.990 0.989 0.989 0.989 0.990 0.989 0.989 0.988
0.979 0.980 0.980 0.981 0.981 0.981 0.981 0.981 0.981 0.980 0.980 0.981 0.981 0.981 0.981 0.981 0.982 0.982 0.980 0.977 0.974 0.972 0.973 0.974 0.973 0.970 0.969 0.968 0.965 0.963 0.957 0.946 0.928 0.906 0.883 0.837 0.733 0.590 0.517 0.584 0.726 0.834 0.883 0.908 0.930 0.947 0.960 0.966 0.970 0.973 0.975 0.977 0.980 0.983 0.982 0.980 0.982 0.985 0.988 0.990 0.990 0.990 0.990 0.991 0.991 0.991 0.990 0.990 0.990 0.991 0.991 0.990 0.990
0.979 0.979 0.980 0.980 0.981 0.981 0.981 0.981 0.980 0.979 0.980 0.980 0.980 0.980 0.980 0.980 0.980 0.980 0.979 0.975 0.972 0.970 0.971 0.973 0.971 0.968 0.967 0.966 0.963 0.961 0.955 0.943 0.925 0.903 0.879 0.830 0.720 0.579 0.516 0.593 0.735 0.837 0.883 0.908 0.930 0.947 0.959 0.965 0.968 0.972 0.974 0.976 0.979 0.982 0.981 0.979 0.981 0.985 0.988 0.990 0.990 0.990 0.990 0.991 0.991 0.991 0.991 0.990 0.991 0.991 0.991 0.991 0.990
0.977 0.978 0.979 0.979 0.980 0.980 0.980 0.980 0.979 0.978 0.979 0.979 0.979 0.980 0.979 0.979 0.980 0.980 0.978 0.975 0.971 0.969 0.971 0.972 0.970 0.967 0.967 0.965 0.962 0.960 0.954 0.941 0.922 0.900 0.875 0.822 0.708 0.569 0.517 0.603 0.744 0.841 0.884 0.908 0.929 0.946 0.957 0.963 0.967 0.970 0.972 0.974 0.978 0.980 0.979 0.977 0.980 0.983 0.987 0.988 0.989 0.989 0.989 0.990 0.990 0.990 0.990 0.990 0.990 0.991 0.991 0.990 0.990
0.975 0.976 0.977 0.977 0.978 0.978 0.978 0.978 0.977 0.977 0.977 0.978 0.978 0.978 0.978 0.978 0.978 0.978 0.976 0.973 0.970 0.969 0.970 0.971 0.969 0.966 0.966 0.964 0.962 0.959 0.952 0.939 0.920 0.898 0.872 0.815 0.697 0.561 0.519 0.613 0.753 0.844 0.885 0.909 0.930 0.946 0.957 0.962 0.965 0.969 0.971 0.972 0.976 0.978 0.976 0.975 0.977 0.981 0.984 0.986 0.986 0.986 0.987 0.987 0.987 0.988 0.987 0.987 0.988 0.989 0.989 0.989 0.988
0.974 0.975 0.976 0.976 0.976 0.976 0.976 0.976 0.975 0.975 0.975 0.975 0.976 0.976 0.976 0.976 0.976 0.976 0.974 0.971 0.967 0.966 0.969 0.969 0.967 0.965 0.964 0.962 0.960 0.957 0.950 0.937 0.918 0.895 0.868 0.808 0.685 0.552 0.522 0.624 0.762 0.848 0.887 0.911 0.931 0.947 0.957 0.962 0.965 0.968 0.970 0.972 0.975 0.977 0.975 0.974 0.976 0.980 0.983 0.984 0.984 0.984 0.985 0.985 0.985 0.985 0.985 0.985 0.985 0.986 0.986 0.986 0.986
0.975 0.975 0.976 0.976 0.976 0.976 0.976 0.975 0.974 0.974 0.975 0.975 0.974 0.975 0.974 0.974 0.975 0.974 0.971 0.968 0.965 0.965 0.967 0.967 0.965 0.963 0.962 0.960 0.958 0.955 0.947 0.933 0.914 0.891 0.863 0.798 0.672 0.543 0.524 0.633 0.769 0.851 0.887 0.911 0.931 0.946 0.956 0.961 0.964 0.967 0.969 0.971 0.975 0.976 0.974 0.973 0.976 0.979 0.982 0.983 0.983 0.983 0.984 0.984 0.984 0.984 0.983 0.983 0.984 0.984 0.984 0.984 0.983
0.975 0.975 0.976 0.976 0.976 0.976 0.976 0.976 0.975 0.975 0.975 0.975 0.975 0.975 0.974 0.974 0.974 0.973 0.971 0.967 0.964 0.964 0.966 0.967 0.964 0.962 0.962 0.959 0.957 0.954 0.945 0.931 0.911 0.888 0.858 0.788 0.658 0.533 0.526 0.641 0.775 0.852 0.887 0.911 0.931 0.945 0.955 0.959 0.963 0.966 0.967 0.970 0.974 0.975 0.972 0.972 0.975 0.978 0.981 0.982 0.982 0.982 0.983 0.983 0.983 0.983 0.982 0.982 0.983 0.983 0.983 0.983 0.982
0.974 0.975 0.975 0.976 0.976 0.976 0.976 0.976 0.975 0.975 0.975 0.975 0.975 0.975 0.975 0.975 0.975 0.974 0.971 0.968 0.965 0.965 0.967 0.967 0.965 0.964 0.963 0.960 0.958 0.954 0.946 0.931 0.910 0.886 0.854 0.780 0.646 0.527 0.530 0.652 0.783 0.855 0.888 0.912 0.931 0.945 0.954 0.958 0.961 0.964 0.966 0.968 0.972 0.972 0.970 0.970 0.973 0.976 0.979 0.980 0.980 0.980 0.981 0.981 0.981 0.981 0.981 0.981 0.981 0.982 0.982 0.981 0.981
0.974 0.975 0.975 0.976 0.976 0.976 0.976 0.975 0.974 0.975 0.975 0.975 0.975 0.975 0.975 0.975 0.975 0.974 0.971 0.968 0.965 0.966 0.968 0.968 0.966 0.965 0.964 0.961 0.959 0.955 0.946 0.931 0.909 0.885 0.852 0.773 0.637 0.523 0.538 0.665 0.792 0.859 0.890 0.914 0.933 0.947 0.955 0.959 0.962 0.965 0.966 0.968 0.971 0.971 0.968 0.968 0.971 0.974 0.977 0.978 0.978 0.978 0.979 0.979 0.979 0.979 0.978 0.978 0.979 0.980 0.979 0.979 0.979
0.975 0.975 0.976 0.976 0.976 0.976 0.976 0.975 0.975 0.975 0.975 0.975 0.975 0.975 0.975 0.975 0.975 0.974 0.971 0.968 0.965 0.966 0.968 0.968 0.965 0.965 0.964 0.961 0.959 0.956 0.946 0.929 0.907 0.883 0.849 0.765 0.626 0.520 0.546 0.678 0.801 0.863 0.893 0.917 0.936 0.950 0.957 0.960 0.963 0.966 0.967 0.969 0.972 0.971 0.968 0.968 0.971 0.974 0.977 0.977 0.977 0.977 0.978 0.978 0.978 0.978 0.977 0.977 0.978 0.978 0.978 0.977 0.977
0.974 0.974 0.975 0.976 0.976 0.976 0.976 0.975 0.975 0.975 0.976 0.975 0.975 0.975 0.975 0.975 0.976 0.974 0.972 0.968 0.966 0.967 0.968 0.967 0.965 0.964 0.963 0.961 0.959 0.956 0.945 0.927 0.904 0.880 0.844 0.755 0.614 0.515 0.553 0.689 0.808 0.866 0.894 0.918 0.938 0.951 0.958 0.961 0.964 0.967 0.968 0.970 0.973 0.971 0.969 0.969 0.971 0.975 0.977 0.978 0.977 0.978 0.978 0.978 0.978 0.978 0.977 0.977 0.978 0.978 0.977 0.977 0.977
0.970 0.971 0.972 0.972 0.973 0.973 0.974 0.973 0.973 0.973 0.974 0.974 0.974 0.974 0.974 0.975 0.975 0.974 0.972 0.968 0.966 0.967 0.969 0.967 0.965 0.964 0.963 0.961 0.959 0.955 0.944 0.925 0.902 0.878 0.839 0.745 0.601 0.509 0.559 0.698 0.814 0.868 0.895 0.919 0.939 0.952 0.959 0.962 0.964 0.967 0.968 0.970 0.972 0.971 0.969 0.969 0.972 0.975 0.977 0.978 0.978 0.978 0.978 0.978 0.978 0.978 0.977 0.977 0.978 0.978 0.978 0.977 0.977
0.962 0.964 0.965 0.966 0.966 0.967 0.967 0.967 0.967 0.968 0.969 0.969 0.970 0.970 0.970 0.971 0.972 0.971 0.969 0.966 0.964 0.965 0.967 0.966 0.964 0.963 0.962 0.960 0.958 0.953 0.941 0.923 0.900 0.876 0.834 0.734 0.588 0.506 0.566 0.709 0.820 0.871 0.897 0.921 0.940 0.953 0.959 0.962 0.964 0.967 0.968 0.970 0.972 0.971 0.969 0.969 0.972 0.975 0.977 0.977 0.977 0.978 0.978 0.978 0.978 0.978 0.977 0.977 0.978 0.978 0.977 0.977 0.977
0.954 0.955 0.956 0.957 0.957 0.958 0.958 0.958 0.958 0.960 0.960 0.961 0.962 0.962 0.963 0.964 0.965 0.964 0.962 0.959 0.958 0.960 0.962 0.960 0.959 0.958 0.957 0.955 0.953 0.948 0.937 0.919 0.896 0.871 0.825 0.719 0.574 0.501 0.573 0.717 0.824 0.872 0.899 0.922 0.940 0.953 0.959 0.962 0.964 0.967 0.968 0.970 0.972 0.971 0.969 0.970 0.973 0.976 0.977 0.977 0.977 0.977 0.977 0.977 0.978 0.977 0.977 0.977 0.977 0.977 0.977 0.976 0.976
0.948 0.949 0.949 0.950 0.950 0.950 0.951 0.950 0.950 0.951 0.952 0.952 0.953 0.953 0.954 0.955 0.956 0.955 0.953 0.950 0.950 0.952 0.953 0.952 0.951 0.950 0.949 0.948 0.946 0.940 0.929 0.911 0.887 0.861 0.812 0.702 0.558 0.496 0.577 0.722 0.824 0.870 0.897 0.920 0.937 0.949 0.956 0.959 0.962 0.965 0.966 0.969 0.971 0.970 0.968 0.970 0.973 0.976 0.977 0.977 0.977 0.977 0.977 0.977 0.978 0.977 0.977 0.977 0.977 0.977 0.977 0.976 0.976
0.947 0.947 0.948 0.948 0.948 0.948 0.948 0.947 0.947 0.947 0.948 0.948 0.948 0.948 0.948 0.949 0.949 0.948 0.946 0.943 0.942 0.944 0.945 0.944 0.943 0.942 0.941 0.940 0.938 0.932 0.920 0.901 0.877 0.849 0.798 0.684 0.543 0.491 0.581 0.725 0.821 0.864 0.891 0.915 0.932 0.944 0.950 0.953 0.957 0.959 0.961 0.965 0.967 0.965 0.965 0.967 0.970 0.973 0.974 0.975 0.975 0.976 0.976 0.976 0.976 0.976 0.976 0.976 0.977 0.977 0.976 0.976 0.976
0.936 0.938 0.940 0.941 0.942 0.943 0.944 0.944 0.944 0.945 0.946 0.946 0.947 0.947 0.946 0.947 0.947 0.945 0.943 0.940 0.939 0.941 0.942 0.940 0.938 0.938 0.936 0.934 0.932 0.925 0.913 0.894 0.869 0.841 0.787 0.669 0.531 0.490 0.588 0.730 0.818 0.858 0.885 0.908 0.925 0.937 0.943 0.946 0.949 0.951 0.953 0.957 0.959 0.958 0.958 0.960 0.963 0.966 0.968 0.969 0.969 0.970 0.971 0.971 0.972 0.972 0.972 0.973 0.974 0.974 0.974 0.974 0.974
0.903 0.906 0.910 0.913 0.916 0.919 0.921 0.923 0.925 0.928 0.931 0.933 0.935 0.936 0.937 0.939 0.940 0.939 0.938 0.936 0.935 0.938 0.939 0.937 0.936 0.936 0.934 0.932 0.930 0.923 0.911 0.891 0.866 0.839 0.781 0.658 0.522 0.492 0.599 0.739 0.821 0.856 0.882 0.905 0.920 0.931 0.936 0.939 0.942 0.943 0.945 0.949 0.951 0.950 0.949 0.952 0.955 0.958 0.959 0.960 0.961 0.962 0.963 0.963 0.964 0.964 0.965 0.966 0.967 0.967 0.968 0.968 0.968
0.863 0.866 0.869 0.872 0.875 0.878 0.880 0.883 0.886 0.890 0.893 0.896 0.900 0.903 0.906 0.910 0.912 0.913 0.913 0.913 0.914 0.918 0.921 0.921 0.922 0.924 0.923 0.922 0.921 0.915 0.904 0.885 0.862 0.835 0.773 0.645 0.512 0.494 0.610 0.749 0.826 0.859 0.884 0.905 0.920 0.929 0.933 0.936 0.939 0.940 0.941 0.945 0.946 0.944 0.944 0.946 0.948 0.950 0.951 0.952 0.952 0.954 0.954 0.955 0.955 0.955 0.956 0.957 0.958 0.958 0.959 0.959 0.959
0.851 0.851 0.851 0.852 0.852 0.852 0.852 0.852 0.853 0.855 0.857 0.859 0.861 0.863 0.866 0.869 0.871 0.872 0.872 0.872 0.874 0.879 0.883 0.884 0.886 0.889 0.889 0.890 0.890 0.887 0.877 0.859 0.838 0.812 0.748 0.618 0.490 0.486 0.610 0.748 0.821 0.854 0.880 0.902 0.916 0.925 0.929 0.933 0.936 0.938 0.940 0.943 0.944 0.942 0.942 0.944 0.946 0.948 0.948 0.948 0.949 0.950 0.950 0.950 0.950 0.950 0.950 0.950 0.951 0.951 0.951 0.951 0.951
0.853 0.854 0.855 0.856 0.855 0.855 0.854 0.852 0.852 0.851 0.851 0.850 0.850 0.850 0.850 0.851 0.850 0.848 0.845 0.843 0.844 0.848 0.849 0.849 0.850 0.851 0.850 0.849 0.849 0.845 0.834 0.815 0.794 0.769 0.704 0.574 0.455 0.463 0.593 0.725 0.793 0.826 0.854 0.877 0.892 0.902 0.908 0.914 0.919 0.922 0.926 0.930 0.933 0.933 0.934 0.937 0.940 0.943 0.945 0.945 0.946 0.948 0.948 0.948 0.948 0.948 0.948 0.949 0.949 0.949 0.949 0.948 0.948
0.814 0.820 0.826 0.831 0.835 0.838 0.841 0.844 0.846 0.849 0.850 0.852 0.853 0.853 0.854 0.855 0.854 0.851 0.848 0.844 0.845 0.847 0.847 0.844 0.843 0.842 0.838 0.835 0.832 0.823 0.808 0.786 0.763 0.737 0.670 0.541 0.431 0.448 0.576 0.697 0.755 0.785 0.813 0.836 0.851 0.861 0.868 0.874 0.881 0.885 0.890 0.896 0.899 0.901 0.904 0.910 0.915 0.920 0.923 0.925 0.929 0.931 0.933 0.935 0.937 0.938 0.939 0.941 0.943 0.943 0.944 0.944 0.944
0.718 0.726 0.735 0.744 0.751 0.759 0.767 0.774 0.782 0.789 0.796 0.803 0.809 0.815 0.821 0.826 0.830 0.831 0.831 0.832 0.836 0.842 0.844 0.844 0.845 0.845 0.842 0.841 0.837 0.828 0.811 0.786 0.763 0.737 0.668 0.542 0.441 0.467 0.589 0.695 0.742 0.766 0.792 0.813 0.826 0.833 0.837 0.842 0.847 0.849 0.853 0.857 0.859 0.860 0.863 0.868 0.874 0.879 0.882 0.885 0.889 0.893 0.896 0.900 0.903 0.906 0.909 0.913 0.916 0.918 0.921 0.923 0.925
0.647 0.650 0.653 0.657 0.661 0.666 0.671 0.676 0.683 0.689 0.696 0.704 0.711 0.719 0.727 0.736 0.743 0.748 0.752 0.757 0.766 0.777 0.783 0.787 0.793 0.799 0.802 0.806 0.807 0.801 0.787 0.767 0.750 0.729 0.665 0.547 0.460 0.496 0.615 0.711 0.750 0.772 0.797 0.818 0.830 0.836 0.838 0.841 0.843 0.844 0.845 0.847 0.846 0.843 0.843 0.846 0.849 0.852 0.853 0.854 0.856 0.858 0.859 0.861 0.863 0.865 0.868 0.872 0.875 0.877 0.880 0.883 0.885
0.678 0.673 0.668 0.663 0.659 0.655 0.651 0.648 0.646 0.645 0.644 0.645 0.646 0.646 0.649 0.652 0.655 0.656 0.656 0.659 0.667 0.675 0.680 0.683 0.689 0.695 0.701 0.707 0.710 0.705 0.694 0.680 0.671 0.659 0.603 0.496 0.426 0.475 0.595 0.683 0.719 0.743 0.772 0.798 0.815 0.826 0.831 0.837 0.841 0.844 0.847 0.850 0.849 0.847 0.847 0.850 0.852 0.854 0.854 0.853 0.853 0.853 0.852 0.851 0.851 0.850 0.851 0.852 0.852 0.852 0.853 0.853 0.854
0.777 0.770 0.763 0.755 0.747 0.739 0.731 0.722 0.714 0.707 0.699 0.692 0.685 0.678 0.672 0.666 0.660 0.652 0.644 0.638 0.637 0.637 0.633 0.628 0.626 0.625 0.623 0.623 0.619 0.609 0.593 0.577 0.569 0.558 0.503 0.401 0.342 0.398 0.515 0.594 0.625 0.648 0.679 0.709 0.733 0.748 0.760 0.770 0.780 0.789 0.799 0.808 0.812 0.814 0.820 0.828 0.835 0.840 0.844 0.846 0.849 0.851 0.852 0.853 0.854 0.854 0.855 0.856 0.856 0.855 0.855 0.854 0.852
0.846 0.844 0.841 0.838 0.834 0.829 0.824 0.818 0.812 0.806 0.800 0.793 0.785 0.777 0.770 0.762 0.752 0.741 0.728 0.718 0.712 0.706 0.695 0.683 0.674 0.664 0.655 0.645 0.632 0.611 0.586 0.560 0.544 0.525 0.460 0.351 0.293 0.350 0.458 0.523 0.543 0.559 0.584 0.610 0.631 0.645 0.655 0.665 0.675 0.685 0.697 0.708 0.715 0.721 0.730 0.742 0.754 0.764 0.771 0.779 0.787 0.794 0.801 0.807 0.813 0.819 0.824 0.830 0.834 0.838 0.841 0.843 0.845
0.855 0.856 0.857 0.857 0.858 0.858 0.857 0.856 0.856 0.855 0.853 0.852 0.850 0.847 0.844 0.841 0.835 0.828 0.820 0.813 0.811 0.806 0.798 0.788 0.780 0.770 0.759 0.748 0.733 0.709 0.679 0.648 0.624 0.594 0.515 0.397 0.339 0.396 0.498 0.553 0.564 0.572 0.588 0.604 0.615 0.620 0.621 0.623 0.625 0.628 0.633 0.638 0.638 0.639 0.645 0.653 0.661 0.668 0.673 0.679 0.687 0.694 0.701 0.709 0.716 0.724 0.733 0.741 0.749 0.757 0.765 0.772 0.779
0.856 0.855 0.855 0.855 0.855 0.854 0.853 0.853 0.854 0.854 0.855 0.855 0.856 0.856 0.857 0.857 0.855 0.852 0.849 0.848 0.851 0.852 0.849 0.845 0.843 0.839 0.833 0.828 0.818 0.800 0.774 0.744 0.720 0.684 0.595 0.475 0.424 0.491 0.597 0.653 0.666 0.675 0.689 0.700 0.704 0.702 0.697 0.692 0.686 0.680 0.678 0.673 0.665 0.657 0.654 0.654 0.653 0.651 0.648 0.646 0.645 0.645 0.644 0.645 0.647 0.649 0.652 0.656 0.660 0.665 0.670 0.674 0.680
0.886 0.883 0.881 0.878 0.875 0.873 0.869 0.867 0.865 0.863 0.861 0.860 0.858 0.856 0.856 0.854 0.852 0.849 0.846 0.845 0.848 0.850 0.848 0.847 0.847 0.845 0.843 0.841 0.835 0.822 0.801 0.775 0.753 0.714 0.619 0.498 0.460 0.544 0.661 0.725 0.746 0.763 0.783 0.797 0.803 0.803 0.799 0.796 0.791 0.785 0.781 0.775 0.764 0.755 0.749 0.745 0.740 0.733 0.724 0.716 0.709 0.702 0.694 0.687 0.680 0.674 0.669 0.664 0.660 0.656 0.652 0.649 0.646
0.925 0.923 0.921 0.918 0.916 0.913 0.909 0.906 0.903 0.900 0.896 0.893 0.890 0.886 0.883 0.880 0.875 0.870 0.864 0.861 0.860 0.859 0.854 0.851 0.849 0.845 0.841 0.837 0.831 0.818 0.796 0.770 0.746 0.699 0.593 0.471 0.444 0.541 0.666 0.734 0.761 0.785 0.809 0.826 0.836 0.840 0.843 0.845 0.845 0.844 0.845 0.843 0.837 0.832 0.831 0.831 0.829 0.825 0.819 0.813 0.808 0.801 0.794 0.787 0.780 0.772 0.765 0.757 0.749 0.741 0.733 0.724 0.715
0.945 0.945 0.944 0.944 0.943 0.942 0.939 0.938 0.937 0.935 0.933 0.931 0.928 0.925 0.923 0.920 0.915 0.910 0.904 0.900 0.899 0.895 0.890 0.885 0.882 0.876 0.870 0.864 0.855 0.839 0.816 0.787 0.757 0.699 0.579 0.452 0.432 0.540 0.668 0.735 0.762 0.786 0.808 0.823 0.832 0.836 0.840 0.844 0.845 0.847 0.849 0.850 0.847 0.846 0.849 0.853 0.856 0.857 0.856 0.855 0.854 0.853 0.851 0.849 0.847 0.844 0.841 0.838 0.834 0.830 0.825 0.819 0.812
0.949 0.949 0.950 0.950 0.950 0.950 0.949 0.949 0.949 0.949 0.948 0.948 0.947 0.946 0.945 0.943 0.941 0.937 0.934 0.932 0.932 0.930 0.925 0.922 0.919 0.914 0.909 0.904 0.895 0.880 0.856 0.827 0.794 0.725 0.594 0.465 0.455 0.572 0.701 0.766 0.792 0.814 0.832 0.843 0.848 0.849 0.851 0.852 0.851 0.851 0.852 0.850 0.847 0.845 0.847 0.850 0.852 0.853 0.852 0.852 0.853 0.853 0.853 0.854 0.854 0.855 0.856 0.857 0.857 0.858 0.857 0.856 0.855
0.952 0.952 0.953 0.952 0.953 0.952 0.951 0.951 0.951 0.951 0.951 0.951 0.950 0.950 0.950 0.949 0.947 0.945 0.943 0.943 0.944 0.943 0.940 0.939 0.937 0.934 0.931 0.927 0.919 0.905 0.883 0.856 0.822 0.748 0.611 0.486 0.489 0.615 0.744 0.809 0.836 0.858 0.875 0.884 0.888 0.889 0.889 0.889 0.886 0.884 0.884 0.880 0.875 0.872 0.872 0.872 0.872 0.870 0.867 0.865 0.863 0.861 0.859 0.857 0.855 0.854 0.854 0.854 0.854 0.854 0.854 0.853 0.853
0.960 0.960 0.959 0.959 0.959 0.958 0.957 0.956 0.956 0.956 0.955 0.955 0.954 0.953 0.953 0.952 0.950 0.947 0.945 0.945 0.946 0.945 0.943 0.941 0.940 0.938 0.936 0.932 0.924 0.909 0.887 0.862 0.828 0.751 0.612 0.495 0.511 0.643 0.770 0.833 0.861 0.884 0.903 0.913 0.919 0.921 0.922 0.923 0.922 0.921 0.922 0.919 0.915 0.913 0.913 0.913 0.912 0.909 0.906 0.903 0.900 0.897 0.893 0.890 0.886 0.883 0.881 0.878 0.876 0.873 0.870 0.867 0.865
0.967 0.967 0.967 0.967 0.967 0.966 0.964 0.964 0.964 0.963 0.963 0.962 0.961 0.960 0.960 0.958 0.956 0.952 0.950 0.950 0.951 0.949 0.946 0.945 0.943 0.941 0.938 0.934 0.924 0.908 0.886 0.860 0.824 0.742 0.602 0.494 0.521 0.656 0.779 0.838 0.866 0.891 0.910 0.922 0.929 0.932 0.935 0.937 0.937 0.938 0.940 0.939 0.936 0.936 0.938 0.940 0.940 0.939 0.937 0.936 0.935 0.933 0.931 0.928 0.925 0.923 0.921 0.918 0.916 0.913 0.910 0.906 0.903
0.973 0.973 0.973 0.973 0.973 0.972 0.971 0.971 0.971 0.971 0.970 0.970 0.968 0.968 0.968 0.966 0.963 0.960 0.957 0.957 0.958 0.956 0.953 0.951 0.950 0.947 0.944 0.939 0.928 0.911 0.888 0.861 0.821 0.733 0.592 0.492 0.530 0.667 0.784 0.840 0.868 0.893 0.912 0.924 0.932 0.935 0.937 0.939 0.940 0.942 0.944 0.943 0.941 0.942 0.944 0.947 0.948 0.948 0.948 0.948 0.948 0.947 0.947 0.946 0.945 0.944 0.944 0.943 0.942 0.941 0.940 0.938 0.936
0.975 0.976 0.976 0.976 0.976 0.976 0.975 0.975 0.976 0.975 0.975 0.975 0.974 0.974 0.974 0.972 0.969 0.966 0.964 0.964 0.965 0.963 0.960 0.959 0.957 0.954 0.951 0.945 0.934 0.917 0.893 0.866 0.823 0.727 0.584 0.492 0.541 0.680 0.794 0.847 0.875 0.900 0.918 0.930 0.937 0.940 0.942 0.943 0.944 0.945 0.947 0.946 0.944 0.944 0.947 0.949 0.950 0.950 0.949 0.950 0.950 0.949 0.949 0.949 0.948 0.948 0.949 0.949 0.949 0.949 0.949 0.948 0.948
0.975 0.976 0.976 0.977 0.977 0.977 0.976 0.977 0.977 0.977 0.977 0.977 0.976 0.976 0.977 0.975 0.972 0.969 0.967 0.968 0.970 0.968 0.965 0.964 0.962 0.959 0.957 0.951 0.939 0.921 0.898 0.871 0.825 0.723 0.578 0.496 0.555 0.697 0.807 0.857 0.885 0.908 0.926 0.937 0.944 0.947 0.949 0.950 0.951 0.953 0.954 0.952 0.950 0.951 0.953 0.955 0.956 0.955 0.954 0.954 0.954 0.953 0.953 0.952 0.951 0.951 0.952 0.952 0.951 0.951 0.951 0.950 0.950
0.976 0.976 0.977 0.977 0.977 0.977 0.977 0.977 0.978 0.977 0.977 0.977 0.977 0.977 0.977 0.975 0.973 0.970 0.968 0.970 0.971 0.969 0.967 0.966 0.964 0.962 0.960 0.954 0.942 0.923 0.900 0.873 0.825 0.718 0.574 0.501 0.571 0.715 0.821 0.867 0.893 0.916 0.933 0.945 0.951 0.954 0.956 0.958 0.958 0.960 0.962 0.960 0.958 0.959 0.961 0.963 0.964 0.963 0.962 0.962 0.962 0.961 0.961 0.960 0.958 0.958 0.959 0.958 0.958 0.957 0.956 0.955 0.954
0.977 0.977 0.977 0.978 0.978 0.977 0.977 0.978 0.978 0.978 0.978 0.977 0.977 0.977 0.977 0.975 0.972 0.969 0.968 0.970 0.971 0.969 0.967 0.967 0.965 0.963 0.961 0.955 0.942 0.922 0.898 0.872 0.821 0.710 0.567 0.505 0.585 0.729 0.830 0.873 0.898 0.921 0.938 0.950 0.956 0.958 0.961 0.962 0.963 0.966 0.967 0.965 0.963 0.965 0.968 0.970 0.971 0.970 0.970 0.970 0.969 0.969 0.968 0.967 0.966 0.966 0.967 0.966 0.966 0.965 0.964 0.963 0.962
0.977 0.977 0.977 0.978 0.978 0.977 0.977 0.978 0.978 0.978 0.978 0.978 0.977 0.978 0.977 0.975 0.972 0.969 0.968 0.970 0.972 0.970 0.968 0.967 0.965 0.963 0.961 0.954 0.941 0.921 0.896 0.869 0.815 0.700 0.560 0.509 0.598 0.741 0.835 0.875 0.900 0.923 0.941 0.952 0.958 0.960 0.962 0.964 0.965 0.968 0.969 0.967 0.966 0.968 0.971 0.973 0.975 0.974 0.974 0.974 0.974 0.973 0.973 0.973 0.972 0.972 0.973 0.972 0.972 0.972 0.971 0.970 0.969
0.976 0.977 0.977 0.978 0.978 0.977 0.977 0.978 0.978 0.978 0.978 0.978 0.977 0.978 0.977 0.975 0.972 0.969 0.968 0.971 0.972 0.970 0.968 0.967 0.965 0.962 0.960 0.954 0.940 0.920 0.896 0.867 0.810 0.690 0.554 0.514 0.611 0.751 0.840 0.878 0.902 0.924 0.942 0.953 0.958 0.960 0.963 0.964 0.965 0.968 0.969 0.967 0.966 0.968 0.971 0.974 0.975 0.975 0.975 0.975 0.975 0.975 0.975 0.975 0.974 0.975 0.975 0.975 0.975 0.975 0.974 0.974 0.973
0.977 0.977 0.978 0.978 0.978 0.977 0.977 0.978 0.978 0.977 0.977 0.977 0.977 0.977 0.977 0.974 0.971 0.968 0.968 0.970 0.971 0.969 0.967 0.966 0.964 0.962 0.959 0.952 0.938 0.918 0.894 0.865 0.803 0.680 0.547 0.519 0.623 0.761 0.845 0.881 0.905 0.926 0.943 0.953 0.958 0.960 0.963 0.964 0.966 0.968 0.969 0.966 0.965 0.968 0.971 0.974 0.975 0.975 0.975 0.975 0.975 0.975 0.975 0.975 0.974 0.975 0.976 0.976 0.976 0.976 0.975 0.975 0.974
0.979 0.979 0.979 0.980 0.979 0.978 0.978 0.979 0.979 0.978 0.978 0.978 0.978 0.978 0.977 0.974 0.971 0.968 0.968 0.970 0.971 0.968 0.966 0.965 0.963 0.960 0.957 0.950 0.936 0.916 0.892 0.861 0.794 0.667 0.539 0.522 0.633 0.769 0.849 0.883 0.907 0.928 0.943 0.953 0.957 0.960 0.963 0.964 0.966 0.968 0.969 0.966 0.965 0.968 0.971 0.974 0.975 0.975 0.975 0.975 0.975 0.975 0.975 0.975 0.974 0.975 0.976 0.976 0.976 0.976 0.975 0.975 0.974
0.981 0.982 0.982 0.982 0.982 0.981 0.981 0.981 0.981 0.981 0.981 0.980 0.980 0.980 0.979 0.976 0.973 0.970 0.970 0.972 0.971 0.968 0.966 0.965 0.962 0.960 0.956 0.948 0.933 0.913 0.889 0.856 0.784 0.654 0.531 0.525 0.642 0.776 0.851 0.884 0.907 0.928 0.942 0.952 0.956 0.959 0.962 0.963 0.965 0.968 0.968 0.965 0.965 0.967 0.971 0.974 0.975 0.975 0.975 0.975 0.975 0.975 0.975 0.975 0.975 0.975 0.976 0.976 0.976 0.976 0.975 0.975 0.974
0.983 0.983 0.983 0.984 0.983 0.982 0.983 0.983 0.983 0.983 0.983 0.982 0.982 0.982 0.981 0.979 0.975 0.972 0.972 0.974 0.973 0.970 0.968 0.966 0.964 0.961 0.957 0.948 0.933 0.912 0.888 0.854 0.777 0.643 0.526 0.532 0.654 0.784 0.854 0.885 0.908 0.928 0.942 0.951 0.955 0.958 0.961 0.962 0.964 0.967 0.967 0.964 0.964 0.967 0.971 0.973 0.974 0.974 0.974 0.975 0.975 0.975 0.975 0.974 0.974 0.975 0.976 0.976 0.976 0.976 0.976 0.975 0.975
0.983 0.984 0.984 0.985 0.984 0.983 0.983 0.984 0.984 0.984 0.984 0.983 0.983 0.984 0.982 0.980 0.976 0.974 0.974 0.976 0.974 0.971 0.969 0.968 0.965 0.963 0.959 0.949 0.933 0.913 0.888 0.852 0.771 0.635 0.524 0.541 0.668 0.794 0.860 0.889 0.911 0.930 0.944 0.952 0.956 0.959 0.962 0.963 0.965 0.968 0.967 0.965 0.965 0.968 0.971 0.974 0.975 0.974 0.974 0.975 0.975 0.975 0.974 0.974 0.974 0.975 0.976 0.976 0.976 0.976 0.976 0.975 0.975
0.986 0.986 0.986 0.986 0.986 0.985 0.985 0.985 0.985 0.985 0.985 0.984 0.984 0.984 0.983 0.980 0.977 0.974 0.974 0.976 0.975 0.971 0.970 0.969 0.966 0.964 0.959 0.949 0.933 0.912 0.888 0.850 0.764 0.626 0.523 0.551 0.682 0.804 0.866 0.893 0.915 0.934 0.947 0.955 0.959 0.961 0.964 0.965 0.967 0.970 0.969 0.967 0.967 0.970 0.974 0.976 0.976 0.976 0.976 0.976 0.976 0.976 0.975 0.974 0.975 0.976 0.976 0.976 0.976 0.976 0.975 0.975 0.974
0.988 0.989 0.989 0.989 0.988 0.987 0.987 0.988 0.987 0.987 0.987 0.986 0.986 0.986 0.984 0.981 0.978 0.975 0.975 0.977 0.976 0.972 0.971 0.969 0.966 0.964 0.959 0.948 0.932 0.911 0.886 0.846 0.755 0.615 0.520 0.559 0.694 0.812 0.870 0.896 0.918 0.936 0.949 0.957 0.961 0.963 0.965 0.967 0.969 0.972 0.971 0.969 0.970 0.973 0.976 0.978 0.979 0.978 0.978 0.978 0.978 0.978 0.977 0.976 0.977 0.978 0.978 0.978 0.978 0.977 0.977 0.976 0.975
0.990 0.990 0.991 0.991 0.990 0.990 0.990 0.990 0.990 0.989 0.989 0.988 0.988 0.988 0.987 0.983 0.980 0.977 0.978 0.979 0.977 0.974 0.972 0.971 0.968 0.965 0.960 0.948 0.931 0.910 0.885 0.842 0.745 0.604 0.517 0.567 0.705 0.819 0.873 0.899 0.920 0.938 0.951 0.958 0.961 0.964 0.966 0.968 0.970 0.973 0.972 0.970 0.971 0.975 0.978 0.980 0.980 0.980 0.980 0.980 0.980 0.980 0.979 0.978 0.979 0.980 0.980 0.980 0.980 0.979 0.979 0.978 0.977
0.990 0.991 0.991 0.992 0.991 0.990 0.991 0.991 0.991 0.990 0.990 0.990 0.990 0.990 0.988 0.985 0.981 0.979 0.980 0.981 0.979 0.975 0.974 0.973 0.970 0.967 0.961 0.949 0.932 0.910 0.885 0.839 0.737 0.595 0.516 0.577 0.717 0.827 0.876 0.901 0.922 0.940 0.952 0.959 0.962 0.965 0.967 0.969 0.971 0.974 0.972 0.970 0.972 0.976 0.979 0.981 0.981 0.980 0.981 0.981 0.980 0.980 0.980 0.979 0.980 0.981 0.981 0.981 0.981 0.981 0.980 0.979 0.979
0.990 0.990 0.991 0.991 0.990 0.990 0.990 0.991 0.990 0.990 0.990 0.990 0.990 0.990 0.988 0.985 0.982 0.980 0.981 0.982 0.979 0.976 0.975 0.974 0.971 0.968 0.962 0.949 0.932 0.910 0.884 0.835 0.728 0.586 0.517 0.587 0.729 0.834 0.880 0.904 0.925 0.943 0.955 0.961 0.964 0.967 0.969 0.970 0.973 0.975 0.974 0.972 0.974 0.977 0.980 0.982 0.982 0.981 0.982 0.982 0.981 0.981 0.981 0.980 0.981 0.982 0.982 0.981 0.982 0.981 0.981 0.980 0.979
0.988 0.989 0.990 0.990 0.989 0.989 0.989 0.990 0.990 0.990 0.989 0.989 0.990 0.989 0.988 0.985 0.981 0.979 0.981 0.982 0.979 0.976 0.976 0.974 0.971 0.968 0.962 0.949 0.931 0.908 0.882 0.830 0.718 0.577 0.517 0.598 0.741 0.841 0.884 0.907 0.928 0.945 0.957 0.963 0.966 0.969 0.971 0.972 0.976 0.977 0.976 0.974 0.976 0.980 0.983 0.984 0.984 0.984 0.984 0.984 0.983 0.983 0.983 0.982 0.983 0.983 0.983 0.983 0.983 0.982 0.982 0.981 0.980
0.987 0.987 0.988 0.988 0.987 0.987 0.988 0.988 0.988 0.988 0.988 0.988 0.988 0.988 0.986 0.983 0.980 0.979 0.980 0.981 0.978 0.975 0.975 0.973 0.970 0.967 0.960 0.947 0.929 0.906 0.879 0.824 0.707 0.567 0.518 0.608 0.751 0.846 0.886 0.909 0.930 0.947 0.958 0.964 0.967 0.970 0.972 0.973 0.977 0.979 0.977 0.976 0.979 0.982 0.985 0.986 0.986 0.986 0.986 0.986 0.986 0.986 0.985 0.985 0.985 0.986 0.986 0.986 0.985 0.985 0.984 0.983 0.982
0.986 0.986 0.987 0.987 0.986 0.986 0.986 0.986 0.986 0.986 0.986 0.986 0.986 0.986 0.984 0.981 0.978 0.977 0.979 0.979 0.976 0.974 0.973 0.971 0.969 0.966 0.958 0.945 0.926 0.903 0.876 0.816 0.694 0.557 0.519 0.618 0.760 0.850 0.888 0.911 0.931 0.948 0.959 0.964 0.967 0.970 0.972 0.974 0.977 0.979 0.977 0.976 0.979 0.983 0.986 0.987 0.987 0.987 0.987 0.987 0.987 0.987 0.986 0.986 0.987 0.988 0.988 0.988 0.987 0.987 0.986 0.986 0.985
0.988 0.988 0.988 0.988 0.986 0.986 0.986 0.986 0.986 0.986 0.986 0.985 0.986 0.985 0.983 0.980 0.977 0.976 0.977 0.977 0.974 0.972 0.971 0.969 0.967 0.964 0.956 0.942 0.923 0.900 0.871 0.807 0.681 0.547 0.520 0.627 0.768 0.853 0.889 0.911 0.932 0.947 0.958 0.964 0.967 0.970 0.971 0.973 0.977 0.978 0.976 0.976 0.979 0.983 0.985 0.987 0.987 0.986 0.987 0.987 0.987 0.987 0.987 0.986 0.987 0.988 0.988 0.988 0.988 0.988 0.987 0.987 0.986
0.991 0.991 0.991 0.990 0.989 0.989 0.989 0.989 0.988 0.988 0.987 0.987 0.987 0.987 0.984 0.981 0.977 0.976 0.978 0.977 0.974 0.972 0.971 0.969 0.966 0.963 0.955 0.940 0.920 0.897 0.867 0.798 0.668 0.539 0.523 0.637 0.776 0.856 0.889 0.911 0.931 0.947 0.957 0.962 0.965 0.969 0.970 0.972 0.976 0.977 0.975 0.975 0.978 0.982 0.985 0.986 0.986 0.986 0.986 0.986 0.987 0.987 0.986 0.986 0.987 0.988 0.988 0.988 0.988 0.987 0.987 0.986 0.985
0.994 0.994 0.994 0.994 0.992 0.992 0.992 0.992 0.991 0.991 0.990 0.990 0.990 0.989 0.986 0.983 0.979 0.979 0.980 0.979 0.975 0.973 0.972 0.970 0.967 0.964 0.955 0.940 0.919 0.896 0.864 0.791 0.658 0.533 0.529 0.649 0.784 0.859 0.890 0.912 0.932 0.947 0.957 0.961 0.964 0.967 0.968 0.970 0.974 0.975 0.974 0.974 0.977 0.981 0.983 0.984 0.984 0.984 0.985 0.985 0.985 0.985 0.984 0.985 0.986 0.986 0.987 0.987 0.987 0.986 0.986 0.985 0.985
0.997 0.997 0.997 0.996 0.995 0.995 0.995 0.995 0.994 0.994 0.993 0.993 0.993 0.992 0.989 0.985 0.982 0.981 0.983 0.982 0.978 0.976 0.975 0.972 0.969 0.965 0.956 0.940 0.919 0.895 0.862 0.785 0.648 0.529 0.536 0.662 0.794 0.864 0.893 0.915 0.934 0.949 0.958 0.962 0.965 0.967 0.968 0.970 0.974 0.974 0.973 0.974 0.977 0.980 0.982 0.983 0.982 0.982 0.983 0.983 0.983 0.983 0.983 0.983 0.984 0.985 0.985 0.985 0.985 0.984 0.984 0.984 0.983
0.999 0.999 0.999 0.999 0.997 0.997 0.997 0.997 0.997 0.997 0.996 0.996 0.996 0.994 0.991 0.988 0.984 0.984 0.986 0.984 0.980 0.978 0.977 0.974 0.972 0.967 0.957 0.941 0.919 0.895 0.860 0.778 0.638 0.526 0.545 0.676 0.804 0.869 0.897 0.919 0.938 0.952 0.960 0.964 0.967 0.969 0.970 0.972 0.975 0.976 0.974 0.975 0.978 0.981 0.983 0.983 0.983 0.983 0.983 0.983 0.983 0.983 0.982 0.982 0.983 0.984 0.983 0.984 0.983 0.983 0.983 0.982 0.981
0.999 1.000 1.000 0.999 0.998 0.998 0.999 0.998 0.998 0.998 0.997 0.997 0.997 0.996 0.993 0.989 0.986 0.986 0.988 0.986 0.982 0.980 0.979 0.976 0.973 0.969 0.958 0.941 0.920 0.895 0.858 0.771 0.628 0.523 0.554 0.689 0.813 0.873 0.900 0.922 0.941 0.955 0.963 0.967 0.970 0.972 0.973 0.975 0.978 0.978 0.976 0.977 0.980 0.983 0.985 0.986 0.985 0.985 0.985 0.985 0.985 0.984 0.983 0.983 0.984 0.985 0.984 0.984 0.984 0.983 0.983 0.982 0.981
0.999 0.999 1.000 0.999 0.998 0.998 0.999 0.998 0.998 0.998 0.998 0.998 0.998 0.996 0.993 0.990 0.987 0.987 0.988 0.986 0.983 0.981 0.980 0.977 0.975 0.969 0.958 0.941 0.919 0.894 0.855 0.762 0.618 0.520 0.563 0.702 0.821 0.878 0.904 0.926 0.944 0.958 0.966 0.969 0.972 0.974 0.975 0.978 0.981 0.981 0.979 0.980 0.983 0.986 0.988 0.988 0.988 0.988 0.988 0.987 0.987 0.987 0.986 0.986 0.987 0.987 0.987 0.987 0.986 0.986 0.985 0.984 0.983
