0.983 0.983 0.984 0.984 0.984 0.984 0.983 0.982 0.982 0.982 0.983 0.982 0.982 0.982 0.982 0.982 0.983 0.982 0.980 0.977 0.974 0.973 0.974 0.974 0.972 0.969 0.969 0.968 0.966 0.964 0.959 0.950 0.935 0.916 0.895 0.867 0.805 0.685 0.557 0.517 0.603 0.738 0.836 0.881 0.906 0.927 0.945 0.958 0.966 0.970 0.973 0.976 0.977 0.980 0.984 0.986 0.985 0.984 0.986 0.989 0.992 0.995 0.995 0.995 0.996 0.996 0.996 0.997 0.997 0.997 0.997 0.998 0.999
0.985 0.985 0.985 0.985 0.985 0.985 0.984 0.983 0.983 0.983 0.983 0.983 0.983 0.983 0.982 0.982 0.983 0.982 0.979 0.976 0.973 0.972 0.973 0.973 0.970 0.968 0.968 0.966 0.964 0.962 0.957 0.947 0.932 0.912 0.891 0.863 0.796 0.672 0.547 0.518 0.611 0.746 0.839 0.882 0.906 0.927 0.944 0.956 0.964 0.968 0.971 0.974 0.975 0.977 0.981 0.983 0.982 0.981 0.983 0.987 0.990 0.992 0.993 0.993 0.993 0.994 0.994 0.994 0.995 0.994 0.995 0.996 0.997
0.986 0.986 0.987 0.987 0.987 0.987 0.986 0.985 0.985 0.985 0.985 0.985 0.985 0.984 0.984 0.984 0.984 0.983 0.980 0.977 0.974 0.973 0.974 0.974 0.971 0.969 0.968 0.966 0.964 0.962 0.956 0.946 0.930 0.910 0.889 0.858 0.787 0.660 0.539 0.520 0.620 0.754 0.842 0.882 0.906 0.926 0.943 0.955 0.963 0.966 0.969 0.972 0.973 0.975 0.979 0.981 0.979 0.979 0.981 0.984 0.987 0.989 0.990 0.990 0.990 0.991 0.991 0.992 0.992 0.991 0.992 0.993 0.994
0.987 0.987 0.988 0.988 0.988 0.988 0.987 0.986 0.986 0.986 0.986 0.986 0.986 0.986 0.985 0.986 0.986 0.984 0.981 0.978 0.975 0.974 0.976 0.975 0.972 0.970 0.970 0.968 0.965 0.963 0.957 0.946 0.929 0.909 0.888 0.855 0.779 0.649 0.533 0.524 0.630 0.762 0.846 0.884 0.907 0.927 0.944 0.955 0.962 0.965 0.968 0.971 0.972 0.974 0.978 0.979 0.977 0.977 0.979 0.982 0.985 0.987 0.987 0.987 0.988 0.988 0.988 0.989 0.989 0.988 0.989 0.990 0.991
0.987 0.988 0.988 0.988 0.988 0.988 0.988 0.987 0.986 0.987 0.987 0.987 0.987 0.987 0.986 0.986 0.986 0.985 0.982 0.979 0.976 0.976 0.977 0.976 0.973 0.972 0.971 0.969 0.966 0.964 0.958 0.946 0.929 0.909 0.888 0.853 0.771 0.639 0.529 0.530 0.642 0.772 0.852 0.888 0.910 0.930 0.945 0.957 0.963 0.966 0.969 0.971 0.972 0.974 0.978 0.979 0.977 0.976 0.979 0.982 0.984 0.986 0.986 0.985 0.986 0.986 0.986 0.987 0.987 0.986 0.986 0.987 0.988
0.987 0.987 0.988 0.988 0.988 0.988 0.987 0.986 0.986 0.987 0.987 0.987 0.987 0.987 0.986 0.987 0.987 0.985 0.982 0.979 0.976 0.976 0.978 0.977 0.974 0.972 0.972 0.970 0.967 0.964 0.958 0.946 0.929 0.909 0.887 0.850 0.764 0.630 0.526 0.538 0.654 0.782 0.857 0.891 0.913 0.932 0.948 0.959 0.965 0.968 0.971 0.973 0.974 0.976 0.979 0.980 0.978 0.978 0.980 0.983 0.985 0.987 0.986 0.986 0.986 0.986 0.986 0.986 0.986 0.986 0.986 0.986 0.987
0.985 0.985 0.986 0.986 0.986 0.986 0.986 0.985 0.985 0.986 0.986 0.986 0.986 0.986 0.986 0.986 0.986 0.985 0.982 0.978 0.976 0.976 0.978 0.977 0.974 0.972 0.972 0.970 0.967 0.964 0.958 0.945 0.928 0.907 0.885 0.846 0.756 0.621 0.524 0.546 0.667 0.791 0.862 0.894 0.916 0.935 0.950 0.961 0.966 0.969 0.973 0.975 0.975 0.978 0.981 0.981 0.979 0.979 0.982 0.985 0.987 0.988 0.988 0.988 0.988 0.988 0.988 0.988 0.988 0.987 0.987 0.988 0.988
0.982 0.983 0.983 0.983 0.984 0.984 0.983 0.983 0.983 0.983 0.984 0.984 0.984 0.984 0.984 0.985 0.985 0.983 0.980 0.977 0.974 0.975 0.977 0.976 0.973 0.972 0.971 0.969 0.966 0.964 0.957 0.944 0.926 0.906 0.883 0.841 0.746 0.611 0.521 0.553 0.678 0.799 0.866 0.896 0.918 0.937 0.952 0.962 0.967 0.970 0.973 0.975 0.976 0.979 0.982 0.982 0.980 0.980 0.983 0.986 0.989 0.990 0.989 0.989 0.990 0.990 0.989 0.990 0.989 0.988 0.989 0.989 0.989
0.981 0.981 0.982 0.982 0.982 0.982 0.981 0.980 0.981 0.981 0.981 0.982 0.982 0.982 0.982 0.982 0.982 0.980 0.977 0.974 0.972 0.973 0.975 0.974 0.971 0.970 0.969 0.967 0.965 0.962 0.954 0.941 0.924 0.903 0.880 0.835 0.736 0.601 0.519 0.561 0.688 0.806 0.869 0.898 0.919 0.938 0.952 0.962 0.967 0.970 0.974 0.975 0.977 0.980 0.983 0.982 0.980 0.981 0.984 0.987 0.989 0.990 0.990 0.990 0.990 0.990 0.990 0.991 0.990 0.990 0.990 0.990 0.991
0.980 0.981 0.981 0.981 0.981 0.981 0.980 0.979 0.980 0.980 0.980 0.980 0.980 0.980 0.980 0.981 0.980 0.978 0.975 0.972 0.970 0.972 0.973 0.972 0.969 0.968 0.967 0.965 0.963 0.960 0.952 0.939 0.920 0.900 0.876 0.827 0.724 0.590 0.517 0.568 0.697 0.811 0.870 0.898 0.920 0.938 0.952 0.962 0.966 0.970 0.973 0.975 0.976 0.979 0.982 0.982 0.980 0.981 0.984 0.987 0.990 0.990 0.990 0.990 0.991 0.991 0.991 0.991 0.991 0.990 0.990 0.991 0.991
0.979 0.980 0.980 0.980 0.980 0.980 0.980 0.979 0.979 0.980 0.980 0.980 0.980 0.980 0.980 0.980 0.980 0.978 0.975 0.971 0.970 0.971 0.972 0.971 0.968 0.967 0.966 0.964 0.962 0.958 0.950 0.936 0.918 0.897 0.872 0.820 0.713 0.580 0.515 0.575 0.706 0.816 0.871 0.898 0.919 0.937 0.951 0.960 0.965 0.968 0.971 0.973 0.975 0.978 0.981 0.980 0.978 0.979 0.983 0.986 0.989 0.989 0.989 0.989 0.990 0.990 0.990 0.991 0.990 0.990 0.991 0.991 0.991
0.978 0.978 0.979 0.979 0.979 0.979 0.978 0.977 0.978 0.978 0.979 0.979 0.979 0.979 0.979 0.979 0.979 0.977 0.974 0.970 0.969 0.971 0.972 0.970 0.967 0.966 0.965 0.963 0.961 0.957 0.949 0.935 0.916 0.895 0.869 0.813 0.702 0.571 0.516 0.584 0.716 0.820 0.872 0.899 0.920 0.937 0.951 0.959 0.963 0.966 0.970 0.971 0.973 0.977 0.979 0.978 0.976 0.977 0.981 0.984 0.986 0.987 0.987 0.987 0.988 0.988 0.988 0.989 0.989 0.988 0.989 0.990 0.990
0.976 0.977 0.977 0.977 0.977 0.977 0.976 0.975 0.976 0.976 0.976 0.977 0.977 0.977 0.977 0.977 0.977 0.974 0.971 0.969 0.968 0.969 0.971 0.968 0.966 0.965 0.964 0.962 0.960 0.956 0.947 0.933 0.914 0.893 0.865 0.806 0.691 0.563 0.517 0.593 0.725 0.826 0.874 0.900 0.921 0.938 0.951 0.959 0.963 0.966 0.969 0.970 0.972 0.975 0.977 0.976 0.974 0.976 0.979 0.982 0.984 0.985 0.985 0.985 0.986 0.986 0.986 0.986 0.986 0.986 0.987 0.987 0.987
0.976 0.976 0.976 0.976 0.976 0.976 0.975 0.974 0.975 0.975 0.975 0.975 0.975 0.975 0.975 0.975 0.974 0.972 0.969 0.966 0.966 0.968 0.969 0.966 0.964 0.964 0.962 0.960 0.958 0.954 0.944 0.930 0.911 0.889 0.861 0.798 0.680 0.554 0.518 0.602 0.734 0.830 0.876 0.901 0.922 0.939 0.951 0.959 0.962 0.965 0.968 0.969 0.971 0.975 0.977 0.975 0.974 0.975 0.978 0.981 0.983 0.984 0.983 0.984 0.984 0.984 0.984 0.984 0.984 0.984 0.984 0.985 0.985
0.976 0.976 0.976 0.976 0.976 0.976 0.975 0.974 0.975 0.975 0.974 0.974 0.974 0.974 0.974 0.974 0.973 0.970 0.967 0.964 0.964 0.966 0.967 0.965 0.963 0.962 0.961 0.958 0.956 0.951 0.942 0.927 0.907 0.885 0.855 0.788 0.666 0.545 0.518 0.610 0.741 0.833 0.876 0.901 0.922 0.938 0.950 0.958 0.961 0.964 0.967 0.968 0.971 0.974 0.976 0.974 0.973 0.975 0.978 0.981 0.983 0.983 0.983 0.983 0.983 0.983 0.983 0.983 0.983 0.983 0.983 0.984 0.984
0.976 0.976 0.976 0.976 0.976 0.976 0.975 0.975 0.975 0.975 0.975 0.975 0.975 0.974 0.974 0.974 0.973 0.970 0.967 0.964 0.964 0.966 0.967 0.965 0.963 0.962 0.960 0.958 0.956 0.951 0.941 0.925 0.905 0.882 0.850 0.779 0.654 0.536 0.519 0.618 0.748 0.836 0.876 0.901 0.921 0.938 0.949 0.956 0.960 0.963 0.966 0.967 0.969 0.973 0.974 0.972 0.971 0.973 0.976 0.979 0.981 0.982 0.981 0.982 0.982 0.982 0.982 0.982 0.982 0.982 0.982 0.983 0.983
0.975 0.976 0.976 0.976 0.976 0.976 0.975 0.975 0.975 0.975 0.975 0.975 0.975 0.975 0.975 0.975 0.973 0.971 0.967 0.965 0.965 0.967 0.968 0.965 0.964 0.963 0.961 0.959 0.957 0.952 0.941 0.925 0.904 0.881 0.847 0.771 0.643 0.530 0.523 0.628 0.757 0.840 0.878 0.902 0.923 0.938 0.949 0.956 0.959 0.962 0.965 0.966 0.968 0.971 0.972 0.970 0.969 0.971 0.974 0.977 0.979 0.979 0.979 0.980 0.980 0.980 0.980 0.981 0.980 0.980 0.981 0.981 0.981
0.975 0.976 0.976 0.976 0.976 0.975 0.975 0.975 0.975 0.975 0.975 0.975 0.975 0.975 0.975 0.975 0.973 0.971 0.967 0.965 0.966 0.968 0.968 0.966 0.965 0.964 0.962 0.960 0.958 0.952 0.941 0.924 0.903 0.880 0.845 0.765 0.635 0.527 0.530 0.640 0.767 0.845 0.881 0.905 0.925 0.941 0.951 0.957 0.960 0.963 0.965 0.966 0.968 0.971 0.971 0.969 0.968 0.970 0.973 0.976 0.977 0.978 0.978 0.978 0.978 0.978 0.979 0.979 0.978 0.978 0.979 0.979 0.979
0.976 0.976 0.976 0.976 0.976 0.976 0.975 0.975 0.975 0.975 0.975 0.975 0.975 0.975 0.975 0.975 0.973 0.971 0.967 0.965 0.966 0.968 0.968 0.966 0.965 0.964 0.962 0.960 0.958 0.952 0.940 0.922 0.901 0.878 0.841 0.757 0.625 0.523 0.536 0.652 0.777 0.850 0.884 0.907 0.927 0.943 0.953 0.958 0.961 0.964 0.966 0.967 0.969 0.972 0.971 0.969 0.968 0.970 0.973 0.976 0.977 0.977 0.977 0.978 0.978 0.978 0.978 0.978 0.977 0.977 0.978 0.978 0.978
0.975 0.975 0.976 0.976 0.976 0.975 0.975 0.975 0.976 0.976 0.975 0.975 0.975 0.975 0.975 0.975 0.974 0.971 0.968 0.966 0.967 0.968 0.968 0.965 0.964 0.964 0.962 0.960 0.958 0.952 0.939 0.920 0.898 0.875 0.836 0.747 0.613 0.517 0.541 0.662 0.785 0.853 0.885 0.908 0.929 0.945 0.955 0.960 0.962 0.965 0.967 0.968 0.970 0.972 0.972 0.969 0.968 0.970 0.974 0.976 0.978 0.978 0.978 0.978 0.978 0.978 0.978 0.978 0.977 0.977 0.978 0.978 0.977
0.972 0.972 0.973 0.973 0.974 0.973 0.973 0.973 0.974 0.974 0.974 0.974 0.974 0.974 0.975 0.975 0.974 0.971 0.968 0.966 0.967 0.969 0.968 0.965 0.965 0.964 0.962 0.960 0.958 0.951 0.938 0.918 0.896 0.873 0.831 0.736 0.601 0.511 0.545 0.671 0.791 0.856 0.886 0.909 0.930 0.946 0.956 0.960 0.962 0.965 0.967 0.968 0.970 0.972 0.972 0.969 0.969 0.971 0.974 0.977 0.978 0.978 0.978 0.978 0.978 0.978 0.978 0.978 0.977 0.977 0.978 0.978 0.978
0.965 0.966 0.967 0.967 0.968 0.968 0.967 0.968 0.969 0.969 0.970 0.970 0.970 0.971 0.972 0.972 0.971 0.968 0.966 0.964 0.966 0.967 0.966 0.964 0.963 0.962 0.960 0.959 0.956 0.949 0.936 0.917 0.895 0.870 0.825 0.726 0.589 0.507 0.551 0.681 0.798 0.859 0.888 0.911 0.931 0.946 0.956 0.960 0.962 0.965 0.967 0.968 0.970 0.972 0.971 0.969 0.969 0.971 0.974 0.976 0.977 0.977 0.977 0.978 0.978 0.978 0.978 0.978 0.977 0.977 0.978 0.978 0.977
0.957 0.958 0.958 0.959 0.960 0.959 0.959 0.960 0.961 0.962 0.963 0.963 0.963 0.964 0.965 0.966 0.965 0.962 0.960 0.959 0.961 0.962 0.962 0.960 0.959 0.958 0.957 0.955 0.952 0.944 0.931 0.913 0.891 0.866 0.817 0.713 0.576 0.503 0.557 0.690 0.803 0.861 0.889 0.912 0.932 0.946 0.956 0.960 0.962 0.965 0.967 0.968 0.970 0.972 0.971 0.969 0.969 0.972 0.975 0.977 0.977 0.977 0.977 0.977 0.977 0.978 0.978 0.977 0.977 0.977 0.977 0.977 0.977
0.950 0.951 0.951 0.951 0.952 0.951 0.951 0.952 0.953 0.954 0.954 0.955 0.955 0.956 0.957 0.957 0.956 0.954 0.952 0.951 0.953 0.955 0.954 0.952 0.952 0.951 0.950 0.949 0.945 0.938 0.925 0.906 0.883 0.857 0.804 0.696 0.561 0.497 0.560 0.695 0.805 0.860 0.888 0.911 0.930 0.944 0.953 0.958 0.961 0.963 0.965 0.967 0.970 0.972 0.970 0.969 0.969 0.972 0.975 0.977 0.977 0.977 0.977 0.978 0.977 0.978 0.978 0.977 0.977 0.977 0.977 0.977 0.977
0.948 0.948 0.948 0.948 0.948 0.947 0.947 0.948 0.948 0.948 0.949 0.949 0.949 0.949 0.950 0.950 0.948 0.946 0.944 0.944 0.946 0.947 0.946 0.944 0.944 0.943 0.942 0.941 0.938 0.929 0.916 0.897 0.873 0.846 0.791 0.679 0.546 0.491 0.563 0.699 0.803 0.855 0.883 0.907 0.926 0.939 0.948 0.953 0.956 0.959 0.961 0.963 0.966 0.968 0.967 0.966 0.967 0.970 0.973 0.975 0.976 0.975 0.976 0.976 0.976 0.977 0.977 0.977 0.976 0.977 0.977 0.977 0.977
0.945 0.945 0.945 0.946 0.946 0.946 0.946 0.946 0.947 0.947 0.947 0.947 0.947 0.947 0.947 0.947 0.945 0.943 0.941 0.940 0.941 0.942 0.941 0.939 0.939 0.938 0.936 0.934 0.931 0.922 0.908 0.888 0.864 0.836 0.779 0.664 0.534 0.488 0.568 0.703 0.802 0.849 0.877 0.901 0.920 0.933 0.942 0.946 0.949 0.952 0.954 0.956 0.960 0.962 0.961 0.960 0.962 0.965 0.968 0.970 0.971 0.971 0.972 0.972 0.973 0.973 0.974 0.974 0.973 0.974 0.975 0.975 0.975
0.925 0.927 0.929 0.931 0.933 0.934 0.935 0.937 0.939 0.940 0.941 0.942 0.942 0.943 0.944 0.944 0.943 0.941 0.939 0.938 0.940 0.941 0.939 0.938 0.937 0.936 0.934 0.932 0.928 0.919 0.905 0.884 0.860 0.832 0.771 0.653 0.525 0.489 0.577 0.711 0.804 0.847 0.873 0.896 0.915 0.927 0.935 0.939 0.942 0.945 0.946 0.948 0.952 0.954 0.953 0.952 0.954 0.957 0.960 0.962 0.963 0.963 0.964 0.966 0.966 0.967 0.967 0.967 0.968 0.969 0.970 0.970 0.970
0.887 0.890 0.893 0.896 0.899 0.901 0.904 0.908 0.911 0.913 0.916 0.919 0.921 0.924 0.926 0.928 0.928 0.927 0.926 0.927 0.930 0.931 0.931 0.931 0.932 0.931 0.929 0.928 0.924 0.916 0.902 0.882 0.859 0.830 0.766 0.643 0.517 0.491 0.588 0.722 0.810 0.849 0.874 0.896 0.913 0.925 0.932 0.935 0.937 0.940 0.941 0.943 0.946 0.947 0.946 0.945 0.947 0.950 0.952 0.954 0.955 0.955 0.956 0.957 0.958 0.958 0.959 0.959 0.959 0.961 0.962 0.962 0.963
0.856 0.858 0.859 0.861 0.863 0.864 0.866 0.869 0.871 0.874 0.877 0.880 0.883 0.886 0.890 0.892 0.893 0.893 0.893 0.896 0.900 0.903 0.904 0.906 0.908 0.909 0.909 0.909 0.907 0.901 0.888 0.869 0.847 0.819 0.751 0.625 0.503 0.488 0.594 0.729 0.813 0.850 0.875 0.897 0.913 0.924 0.930 0.933 0.936 0.939 0.940 0.941 0.944 0.945 0.943 0.943 0.944 0.946 0.948 0.949 0.949 0.950 0.950 0.951 0.951 0.952 0.952 0.952 0.952 0.953 0.954 0.954 0.954
0.853 0.852 0.852 0.851 0.851 0.850 0.849 0.850 0.850 0.851 0.852 0.853 0.854 0.855 0.857 0.858 0.857 0.856 0.855 0.858 0.862 0.865 0.866 0.868 0.870 0.871 0.871 0.872 0.871 0.865 0.853 0.834 0.814 0.787 0.717 0.590 0.476 0.473 0.585 0.719 0.800 0.836 0.862 0.885 0.902 0.913 0.920 0.924 0.929 0.932 0.934 0.936 0.940 0.941 0.940 0.940 0.942 0.944 0.946 0.948 0.948 0.948 0.949 0.949 0.949 0.949 0.949 0.949 0.949 0.949 0.950 0.950 0.950
0.852 0.853 0.854 0.855 0.854 0.854 0.854 0.854 0.853 0.853 0.853 0.852 0.852 0.852 0.852 0.850 0.847 0.843 0.841 0.842 0.844 0.845 0.843 0.843 0.844 0.842 0.840 0.839 0.836 0.828 0.814 0.794 0.774 0.746 0.675 0.549 0.443 0.450 0.566 0.693 0.767 0.801 0.828 0.853 0.871 0.883 0.890 0.896 0.902 0.908 0.911 0.915 0.920 0.923 0.923 0.925 0.929 0.933 0.936 0.938 0.940 0.941 0.943 0.944 0.945 0.946 0.946 0.946 0.947 0.948 0.948 0.948 0.948
0.804 0.810 0.816 0.821 0.825 0.829 0.833 0.837 0.840 0.843 0.846 0.848 0.850 0.852 0.853 0.852 0.850 0.847 0.845 0.846 0.849 0.849 0.847 0.846 0.845 0.841 0.838 0.835 0.829 0.818 0.799 0.776 0.755 0.726 0.653 0.529 0.430 0.445 0.559 0.675 0.738 0.767 0.792 0.816 0.833 0.844 0.851 0.857 0.863 0.869 0.872 0.877 0.883 0.886 0.887 0.890 0.895 0.901 0.906 0.910 0.913 0.916 0.919 0.922 0.924 0.927 0.929 0.931 0.933 0.935 0.937 0.938 0.939
0.712 0.719 0.726 0.734 0.741 0.748 0.756 0.763 0.771 0.778 0.785 0.791 0.798 0.805 0.811 0.814 0.817 0.818 0.820 0.826 0.833 0.836 0.836 0.838 0.840 0.839 0.839 0.837 0.832 0.820 0.802 0.779 0.759 0.730 0.657 0.537 0.448 0.470 0.580 0.685 0.737 0.760 0.783 0.805 0.820 0.828 0.833 0.836 0.840 0.843 0.845 0.848 0.851 0.853 0.852 0.854 0.858 0.863 0.868 0.871 0.874 0.877 0.880 0.884 0.886 0.889 0.892 0.895 0.898 0.902 0.905 0.908 0.911
0.648 0.650 0.652 0.655 0.659 0.663 0.667 0.673 0.678 0.684 0.691 0.697 0.704 0.712 0.719 0.725 0.729 0.733 0.738 0.748 0.758 0.764 0.769 0.775 0.781 0.785 0.789 0.793 0.791 0.783 0.768 0.750 0.737 0.714 0.646 0.535 0.459 0.491 0.601 0.698 0.743 0.764 0.787 0.810 0.825 0.835 0.838 0.841 0.843 0.845 0.845 0.846 0.848 0.846 0.843 0.843 0.845 0.848 0.850 0.851 0.851 0.852 0.854 0.855 0.856 0.857 0.858 0.860 0.862 0.865 0.868 0.870 0.872
0.676 0.671 0.666 0.661 0.657 0.653 0.650 0.648 0.646 0.645 0.645 0.644 0.645 0.647 0.649 0.649 0.649 0.649 0.651 0.658 0.665 0.669 0.671 0.676 0.681 0.686 0.691 0.695 0.694 0.687 0.675 0.663 0.656 0.641 0.580 0.478 0.417 0.461 0.572 0.663 0.704 0.726 0.753 0.780 0.801 0.815 0.823 0.828 0.834 0.838 0.841 0.845 0.849 0.848 0.846 0.846 0.849 0.852 0.854 0.855 0.854 0.854 0.854 0.853 0.852 0.852 0.851 0.851 0.851 0.851 0.852 0.852 0.852
0.768 0.760 0.753 0.745 0.737 0.729 0.722 0.714 0.707 0.700 0.693 0.686 0.679 0.674 0.668 0.661 0.653 0.645 0.640 0.639 0.639 0.634 0.629 0.626 0.624 0.622 0.621 0.619 0.612 0.598 0.582 0.568 0.563 0.547 0.486 0.389 0.336 0.387 0.495 0.578 0.613 0.633 0.660 0.690 0.715 0.734 0.746 0.756 0.767 0.776 0.784 0.794 0.803 0.807 0.809 0.815 0.822 0.829 0.835 0.840 0.842 0.845 0.848 0.850 0.851 0.853 0.853 0.854 0.855 0.856 0.856 0.855 0.855
0.840 0.837 0.833 0.829 0.824 0.818 0.813 0.807 0.801 0.795 0.788 0.781 0.773 0.766 0.758 0.749 0.738 0.726 0.717 0.712 0.706 0.696 0.685 0.676 0.667 0.657 0.649 0.639 0.622 0.601 0.576 0.554 0.541 0.517 0.447 0.345 0.293 0.344 0.445 0.516 0.540 0.553 0.574 0.599 0.621 0.638 0.649 0.658 0.668 0.677 0.686 0.698 0.708 0.714 0.720 0.728 0.739 0.750 0.760 0.768 0.775 0.782 0.790 0.797 0.803 0.809 0.814 0.819 0.824 0.829 0.833 0.837 0.840
0.857 0.858 0.858 0.858 0.856 0.855 0.855 0.854 0.852 0.851 0.849 0.846 0.843 0.840 0.836 0.829 0.822 0.814 0.808 0.806 0.801 0.793 0.783 0.775 0.766 0.756 0.746 0.734 0.715 0.690 0.660 0.633 0.613 0.578 0.495 0.386 0.334 0.385 0.481 0.543 0.558 0.564 0.578 0.594 0.607 0.616 0.619 0.620 0.623 0.625 0.629 0.634 0.639 0.640 0.641 0.646 0.654 0.662 0.670 0.676 0.681 0.688 0.695 0.702 0.709 0.717 0.724 0.731 0.739 0.747 0.755 0.762 0.770
0.854 0.854 0.854 0.854 0.854 0.853 0.854 0.855 0.855 0.856 0.856 0.856 0.857 0.857 0.857 0.854 0.851 0.848 0.847 0.849 0.850 0.846 0.843 0.840 0.836 0.830 0.824 0.816 0.802 0.781 0.754 0.727 0.705 0.664 0.573 0.460 0.414 0.474 0.574 0.635 0.651 0.657 0.669 0.681 0.689 0.690 0.687 0.682 0.677 0.673 0.668 0.667 0.663 0.656 0.650 0.647 0.647 0.648 0.647 0.646 0.644 0.644 0.645 0.645 0.646 0.648 0.651 0.654 0.658 0.662 0.667 0.672 0.678
0.873 0.871 0.869 0.867 0.864 0.862 0.860 0.859 0.858 0.857 0.856 0.855 0.854 0.854 0.853 0.851 0.848 0.846 0.846 0.849 0.851 0.849 0.848 0.849 0.847 0.844 0.843 0.839 0.830 0.814 0.790 0.767 0.745 0.701 0.604 0.493 0.459 0.532 0.642 0.709 0.732 0.746 0.764 0.778 0.787 0.789 0.786 0.782 0.777 0.772 0.766 0.762 0.756 0.746 0.736 0.730 0.726 0.722 0.716 0.709 0.701 0.695 0.689 0.682 0.676 0.671 0.666 0.661 0.657 0.654 0.651 0.649 0.647
0.911 0.908 0.905 0.902 0.898 0.895 0.893 0.890 0.887 0.884 0.881 0.878 0.875 0.872 0.869 0.865 0.860 0.856 0.854 0.854 0.853 0.850 0.848 0.847 0.844 0.840 0.837 0.833 0.825 0.809 0.787 0.764 0.740 0.689 0.585 0.474 0.450 0.536 0.655 0.727 0.756 0.777 0.800 0.818 0.830 0.836 0.838 0.839 0.839 0.838 0.836 0.835 0.832 0.825 0.819 0.816 0.815 0.813 0.809 0.803 0.796 0.790 0.783 0.776 0.769 0.761 0.753 0.746 0.739 0.731 0.724 0.717 0.709
0.939 0.938 0.937 0.935 0.932 0.930 0.929 0.926 0.924 0.922 0.919 0.916 0.913 0.910 0.906 0.901 0.896 0.890 0.887 0.886 0.883 0.877 0.873 0.870 0.865 0.859 0.855 0.848 0.837 0.820 0.796 0.770 0.741 0.678 0.562 0.449 0.432 0.529 0.651 0.724 0.754 0.776 0.799 0.817 0.829 0.835 0.839 0.843 0.846 0.847 0.849 0.851 0.852 0.848 0.847 0.848 0.851 0.853 0.854 0.852 0.850 0.848 0.846 0.843 0.840 0.837 0.832 0.828 0.824 0.820 0.814 0.809 0.803
0.949 0.949 0.949 0.948 0.947 0.947 0.947 0.946 0.945 0.945 0.943 0.941 0.940 0.939 0.936 0.933 0.929 0.925 0.922 0.922 0.919 0.914 0.911 0.908 0.903 0.897 0.892 0.885 0.873 0.855 0.830 0.803 0.768 0.694 0.568 0.452 0.443 0.548 0.672 0.743 0.772 0.793 0.813 0.827 0.835 0.839 0.841 0.843 0.845 0.845 0.846 0.848 0.847 0.844 0.843 0.846 0.849 0.852 0.854 0.854 0.854 0.855 0.855 0.856 0.856 0.856 0.855 0.855 0.856 0.856 0.855 0.854 0.853
0.951 0.951 0.951 0.951 0.950 0.950 0.951 0.951 0.950 0.950 0.950 0.949 0.949 0.949 0.947 0.945 0.943 0.940 0.940 0.941 0.940 0.936 0.934 0.933 0.929 0.925 0.922 0.916 0.905 0.888 0.864 0.837 0.800 0.719 0.586 0.473 0.475 0.588 0.713 0.784 0.812 0.833 0.851 0.863 0.868 0.870 0.870 0.871 0.871 0.868 0.867 0.867 0.864 0.859 0.857 0.857 0.859 0.859 0.859 0.857 0.856 0.855 0.854 0.853 0.853 0.852 0.852 0.852 0.853 0.854 0.854 0.855 0.855
0.955 0.955 0.955 0.954 0.953 0.953 0.953 0.953 0.953 0.952 0.952 0.951 0.951 0.951 0.949 0.948 0.945 0.944 0.944 0.946 0.945 0.942 0.941 0.940 0.938 0.935 0.933 0.927 0.916 0.900 0.877 0.852 0.814 0.730 0.595 0.489 0.502 0.622 0.747 0.816 0.846 0.867 0.886 0.898 0.904 0.907 0.908 0.908 0.908 0.906 0.905 0.904 0.901 0.896 0.893 0.893 0.893 0.892 0.890 0.887 0.884 0.881 0.878 0.875 0.873 0.870 0.867 0.865 0.864 0.863 0.861 0.860 0.858
0.963 0.962 0.962 0.961 0.960 0.960 0.960 0.959 0.958 0.958 0.957 0.956 0.956 0.955 0.953 0.951 0.948 0.946 0.947 0.948 0.947 0.944 0.942 0.942 0.939 0.937 0.935 0.928 0.917 0.900 0.877 0.852 0.813 0.725 0.590 0.492 0.516 0.640 0.763 0.829 0.858 0.881 0.901 0.915 0.923 0.927 0.929 0.931 0.932 0.931 0.932 0.932 0.931 0.927 0.926 0.927 0.927 0.927 0.926 0.923 0.921 0.919 0.916 0.913 0.911 0.907 0.904 0.901 0.899 0.896 0.893 0.890 0.888
0.970 0.970 0.969 0.968 0.967 0.967 0.967 0.966 0.966 0.965 0.964 0.963 0.963 0.962 0.960 0.958 0.954 0.952 0.953 0.954 0.952 0.949 0.947 0.946 0.943 0.941 0.938 0.931 0.918 0.900 0.876 0.850 0.808 0.715 0.580 0.490 0.524 0.651 0.769 0.831 0.860 0.884 0.904 0.918 0.927 0.932 0.934 0.937 0.938 0.939 0.941 0.942 0.942 0.939 0.939 0.941 0.943 0.945 0.945 0.944 0.943 0.943 0.942 0.940 0.939 0.937 0.935 0.933 0.932 0.931 0.929 0.927 0.924
0.974 0.974 0.974 0.974 0.973 0.973 0.973 0.972 0.972 0.972 0.971 0.970 0.970 0.970 0.967 0.964 0.961 0.959 0.960 0.961 0.959 0.955 0.954 0.952 0.950 0.947 0.944 0.935 0.922 0.903 0.879 0.852 0.805 0.707 0.571 0.489 0.533 0.661 0.776 0.834 0.863 0.887 0.907 0.921 0.930 0.935 0.937 0.939 0.940 0.941 0.943 0.945 0.944 0.942 0.942 0.944 0.947 0.948 0.949 0.948 0.948 0.949 0.949 0.948 0.948 0.948 0.947 0.947 0.947 0.947 0.946 0.946 0.945
0.976 0.976 0.977 0.976 0.976 0.976 0.976 0.976 0.976 0.976 0.975 0.975 0.975 0.974 0.972 0.969 0.966 0.965 0.966 0.967 0.965 0.962 0.960 0.959 0.956 0.953 0.950 0.941 0.927 0.908 0.885 0.857 0.805 0.701 0.565 0.491 0.544 0.675 0.787 0.843 0.871 0.895 0.914 0.927 0.936 0.940 0.942 0.944 0.945 0.945 0.947 0.949 0.947 0.945 0.945 0.947 0.950 0.951 0.951 0.950 0.950 0.950 0.950 0.950 0.950 0.949 0.949 0.949 0.950 0.950 0.950 0.950 0.950
0.976 0.977 0.977 0.977 0.976 0.977 0.977 0.977 0.977 0.977 0.977 0.976 0.977 0.976 0.974 0.972 0.969 0.968 0.969 0.970 0.968 0.966 0.965 0.963 0.960 0.958 0.954 0.946 0.931 0.912 0.889 0.861 0.806 0.697 0.561 0.496 0.558 0.692 0.800 0.853 0.880 0.903 0.921 0.934 0.943 0.947 0.949 0.951 0.952 0.953 0.954 0.956 0.954 0.951 0.952 0.954 0.956 0.957 0.957 0.956 0.956 0.956 0.955 0.955 0.954 0.953 0.952 0.952 0.953 0.953 0.952 0.952 0.952
0.977 0.977 0.977 0.977 0.977 0.977 0.978 0.977 0.977 0.977 0.977 0.977 0.977 0.976 0.974 0.972 0.969 0.968 0.970 0.971 0.969 0.967 0.966 0.965 0.963 0.961 0.957 0.948 0.933 0.913 0.890 0.862 0.804 0.691 0.557 0.502 0.573 0.708 0.813 0.862 0.888 0.910 0.928 0.941 0.949 0.953 0.955 0.957 0.958 0.959 0.962 0.963 0.961 0.959 0.959 0.962 0.964 0.965 0.965 0.964 0.963 0.963 0.963 0.962 0.961 0.960 0.959 0.959 0.960 0.959 0.959 0.958 0.958
0.977 0.978 0.978 0.977 0.977 0.978 0.978 0.978 0.978 0.977 0.977 0.977 0.977 0.976 0.974 0.971 0.969 0.968 0.970 0.971 0.969 0.967 0.967 0.965 0.963 0.961 0.958 0.948 0.933 0.912 0.889 0.860 0.799 0.682 0.552 0.506 0.586 0.722 0.822 0.868 0.892 0.914 0.933 0.946 0.954 0.957 0.959 0.962 0.963 0.964 0.966 0.967 0.965 0.964 0.965 0.967 0.970 0.971 0.971 0.970 0.970 0.970 0.969 0.969 0.969 0.968 0.967 0.967 0.967 0.967 0.966 0.966 0.965
0.978 0.978 0.978 0.977 0.977 0.978 0.978 0.978 0.978 0.978 0.977 0.977 0.978 0.977 0.974 0.971 0.968 0.968 0.971 0.972 0.970 0.968 0.967 0.966 0.963 0.961 0.958 0.948 0.931 0.910 0.887 0.857 0.793 0.673 0.546 0.510 0.598 0.733 0.827 0.870 0.894 0.916 0.935 0.948 0.956 0.959 0.961 0.963 0.964 0.966 0.968 0.969 0.967 0.966 0.967 0.970 0.973 0.974 0.974 0.974 0.974 0.974 0.974 0.973 0.973 0.972 0.972 0.972 0.973 0.972 0.972 0.972 0.971
0.977 0.978 0.978 0.977 0.977 0.978 0.978 0.978 0.978 0.978 0.977 0.977 0.978 0.976 0.974 0.971 0.968 0.968 0.971 0.972 0.970 0.968 0.967 0.966 0.963 0.961 0.957 0.947 0.931 0.909 0.886 0.855 0.786 0.664 0.542 0.516 0.610 0.743 0.833 0.872 0.896 0.918 0.936 0.949 0.956 0.959 0.961 0.963 0.964 0.966 0.968 0.969 0.967 0.966 0.968 0.971 0.973 0.975 0.975 0.975 0.975 0.975 0.975 0.975 0.975 0.974 0.974 0.975 0.975 0.975 0.975 0.975 0.974
0.977 0.978 0.978 0.977 0.977 0.978 0.978 0.977 0.977 0.977 0.977 0.977 0.977 0.976 0.973 0.970 0.968 0.968 0.971 0.971 0.969 0.967 0.967 0.965 0.962 0.960 0.956 0.946 0.929 0.908 0.885 0.852 0.779 0.654 0.537 0.521 0.622 0.753 0.838 0.875 0.898 0.920 0.937 0.949 0.956 0.959 0.961 0.964 0.965 0.966 0.968 0.969 0.966 0.965 0.967 0.970 0.973 0.975 0.975 0.975 0.975 0.975 0.975 0.975 0.975 0.975 0.974 0.975 0.976 0.976 0.976 0.976 0.975
0.979 0.979 0.979 0.978 0.978 0.978 0.978 0.978 0.978 0.978 0.977 0.978 0.977 0.976 0.973 0.970 0.968 0.968 0.971 0.971 0.968 0.966 0.966 0.964 0.961 0.959 0.954 0.943 0.927 0.906 0.882 0.847 0.769 0.642 0.531 0.525 0.631 0.761 0.842 0.877 0.900 0.921 0.938 0.949 0.956 0.959 0.961 0.964 0.965 0.966 0.969 0.969 0.966 0.965 0.967 0.970 0.973 0.975 0.975 0.975 0.975 0.975 0.975 0.975 0.975 0.974 0.974 0.975 0.976 0.976 0.976 0.976 0.975
0.981 0.981 0.981 0.980 0.980 0.981 0.980 0.980 0.980 0.980 0.979 0.979 0.979 0.977 0.975 0.971 0.969 0.969 0.972 0.971 0.968 0.966 0.965 0.963 0.960 0.958 0.952 0.941 0.924 0.904 0.879 0.841 0.759 0.630 0.524 0.529 0.640 0.767 0.844 0.878 0.901 0.922 0.938 0.949 0.955 0.958 0.961 0.963 0.964 0.966 0.968 0.968 0.965 0.965 0.967 0.970 0.973 0.975 0.975 0.975 0.975 0.975 0.975 0.975 0.975 0.974 0.975 0.975 0.976 0.976 0.976 0.976 0.976
0.983 0.983 0.983 0.982 0.982 0.983 0.982 0.982 0.982 0.982 0.981 0.982 0.981 0.980 0.977 0.973 0.971 0.972 0.973 0.972 0.969 0.967 0.966 0.964 0.961 0.958 0.952 0.940 0.923 0.902 0.878 0.837 0.750 0.619 0.520 0.534 0.650 0.775 0.847 0.880 0.902 0.922 0.937 0.948 0.954 0.957 0.960 0.962 0.963 0.965 0.968 0.967 0.965 0.964 0.967 0.970 0.973 0.974 0.974 0.974 0.975 0.975 0.975 0.975 0.975 0.974 0.975 0.976 0.976 0.976 0.976 0.976 0.976
0.984 0.984 0.984 0.983 0.983 0.984 0.984 0.983 0.983 0.983 0.983 0.983 0.983 0.981 0.978 0.975 0.973 0.974 0.975 0.974 0.970 0.969 0.968 0.965 0.963 0.960 0.953 0.941 0.923 0.902 0.877 0.834 0.743 0.611 0.518 0.543 0.663 0.784 0.852 0.883 0.905 0.924 0.938 0.949 0.954 0.957 0.960 0.962 0.963 0.965 0.968 0.967 0.964 0.964 0.967 0.970 0.973 0.974 0.974 0.974 0.974 0.975 0.975 0.975 0.974 0.974 0.974 0.975 0.976 0.976 0.976 0.976 0.976
0.985 0.985 0.985 0.984 0.984 0.984 0.984 0.984 0.984 0.984 0.984 0.984 0.984 0.982 0.979 0.976 0.974 0.974 0.976 0.975 0.971 0.970 0.969 0.966 0.964 0.961 0.954 0.941 0.924 0.902 0.877 0.831 0.736 0.604 0.518 0.553 0.676 0.794 0.858 0.887 0.908 0.927 0.941 0.951 0.956 0.959 0.961 0.963 0.964 0.967 0.969 0.968 0.966 0.966 0.969 0.972 0.974 0.975 0.975 0.975 0.975 0.975 0.975 0.975 0.975 0.974 0.974 0.975 0.976 0.976 0.976 0.976 0.975
0.988 0.988 0.987 0.986 0.986 0.986 0.986 0.986 0.986 0.985 0.985 0.985 0.984 0.982 0.979 0.976 0.974 0.975 0.977 0.975 0.972 0.970 0.969 0.967 0.964 0.961 0.954 0.940 0.923 0.901 0.876 0.827 0.727 0.595 0.517 0.561 0.688 0.803 0.863 0.891 0.912 0.930 0.944 0.953 0.958 0.961 0.963 0.965 0.966 0.969 0.971 0.970 0.968 0.969 0.971 0.974 0.977 0.978 0.977 0.977 0.977 0.977 0.977 0.976 0.976 0.975 0.976 0.977 0.977 0.977 0.977 0.977 0.976
0.990 0.990 0.989 0.988 0.989 0.989 0.988 0.988 0.988 0.987 0.987 0.987 0.986 0.984 0.981 0.977 0.976 0.977 0.978 0.976 0.973 0.971 0.970 0.967 0.965 0.961 0.953 0.940 0.921 0.900 0.874 0.822 0.718 0.586 0.516 0.569 0.699 0.810 0.866 0.893 0.914 0.932 0.946 0.955 0.960 0.962 0.965 0.966 0.968 0.971 0.973 0.971 0.970 0.970 0.974 0.977 0.979 0.980 0.979 0.979 0.979 0.979 0.979 0.979 0.978 0.977 0.978 0.979 0.979 0.979 0.979 0.978 0.978
0.991 0.991 0.991 0.990 0.990 0.990 0.990 0.990 0.990 0.989 0.989 0.989 0.988 0.986 0.983 0.979 0.978 0.979 0.980 0.978 0.974 0.973 0.972 0.969 0.966 0.962 0.954 0.939 0.921 0.900 0.872 0.817 0.708 0.577 0.516 0.578 0.709 0.817 0.870 0.895 0.916 0.934 0.947 0.956 0.960 0.963 0.965 0.967 0.968 0.971 0.973 0.972 0.970 0.971 0.975 0.978 0.980 0.981 0.980 0.980 0.980 0.980 0.980 0.980 0.979 0.979 0.980 0.980 0.980 0.980 0.980 0.980 0.980
0.991 0.991 0.991 0.990 0.991 0.991 0.991 0.991 0.990 0.990 0.990 0.990 0.989 0.987 0.984 0.981 0.979 0.981 0.982 0.979 0.976 0.975 0.973 0.971 0.968 0.964 0.954 0.940 0.921 0.900 0.871 0.812 0.699 0.569 0.517 0.588 0.721 0.824 0.874 0.898 0.918 0.936 0.949 0.957 0.961 0.964 0.967 0.968 0.970 0.973 0.974 0.972 0.971 0.972 0.976 0.979 0.981 0.981 0.981 0.981 0.981 0.981 0.981 0.980 0.980 0.980 0.980 0.981 0.981 0.981 0.981 0.981 0.980
0.991 0.991 0.990 0.990 0.990 0.990 0.990 0.990 0.990 0.990 0.990 0.990 0.989 0.987 0.984 0.981 0.980 0.981 0.982 0.979 0.976 0.976 0.974 0.971 0.969 0.964 0.955 0.940 0.921 0.899 0.870 0.807 0.690 0.562 0.519 0.598 0.732 0.831 0.878 0.901 0.921 0.938 0.951 0.960 0.963 0.966 0.969 0.970 0.971 0.975 0.976 0.974 0.973 0.974 0.977 0.980 0.982 0.983 0.982 0.982 0.982 0.982 0.982 0.981 0.981 0.980 0.981 0.982 0.982 0.982 0.982 0.981 0.981
0.989 0.989 0.989 0.989 0.989 0.990 0.989 0.989 0.989 0.989 0.989 0.990 0.989 0.986 0.983 0.980 0.979 0.981 0.981 0.979 0.976 0.976 0.974 0.971 0.969 0.964 0.954 0.939 0.919 0.898 0.867 0.801 0.680 0.554 0.521 0.609 0.743 0.838 0.881 0.904 0.924 0.941 0.954 0.961 0.965 0.968 0.970 0.972 0.973 0.976 0.978 0.976 0.975 0.977 0.980 0.983 0.985 0.985 0.984 0.984 0.984 0.984 0.984 0.984 0.983 0.982 0.983 0.984 0.984 0.983 0.983 0.983 0.982
0.988 0.988 0.987 0.987 0.988 0.988 0.988 0.988 0.988 0.987 0.988 0.988 0.987 0.985 0.982 0.979 0.979 0.980 0.980 0.977 0.975 0.975 0.973 0.970 0.968 0.963 0.953 0.937 0.917 0.895 0.863 0.793 0.669 0.547 0.523 0.618 0.752 0.843 0.883 0.905 0.925 0.942 0.955 0.962 0.966 0.969 0.971 0.972 0.974 0.977 0.979 0.977 0.976 0.978 0.982 0.985 0.986 0.987 0.986 0.986 0.986 0.986 0.986 0.986 0.985 0.985 0.986 0.986 0.986 0.986 0.986 0.985 0.985
0.987 0.987 0.986 0.986 0.986 0.986 0.986 0.986 0.986 0.986 0.986 0.986 0.985 0.983 0.980 0.977 0.977 0.979 0.979 0.976 0.974 0.973 0.972 0.969 0.967 0.961 0.950 0.935 0.915 0.893 0.859 0.784 0.657 0.539 0.525 0.628 0.761 0.847 0.885 0.907 0.926 0.943 0.955 0.962 0.966 0.969 0.971 0.972 0.974 0.978 0.979 0.977 0.976 0.979 0.982 0.985 0.987 0.987 0.987 0.987 0.987 0.987 0.987 0.987 0.986 0.986 0.987 0.988 0.988 0.988 0.988 0.987 0.987
0.988 0.987 0.986 0.986 0.986 0.986 0.986 0.986 0.986 0.985 0.986 0.986 0.984 0.982 0.979 0.976 0.976 0.978 0.977 0.974 0.972 0.972 0.970 0.967 0.965 0.959 0.948 0.932 0.912 0.889 0.853 0.774 0.644 0.531 0.528 0.636 0.768 0.850 0.885 0.907 0.927 0.943 0.955 0.962 0.965 0.968 0.971 0.972 0.974 0.977 0.978 0.976 0.976 0.979 0.982 0.985 0.987 0.987 0.986 0.987 0.987 0.987 0.987 0.987 0.986 0.986 0.987 0.988 0.988 0.988 0.988 0.988 0.987
0.991 0.990 0.989 0.988 0.989 0.988 0.988 0.988 0.987 0.987 0.987 0.987 0.985 0.983 0.979 0.977 0.977 0.978 0.977 0.973 0.972 0.971 0.969 0.967 0.964 0.958 0.946 0.929 0.909 0.886 0.848 0.764 0.632 0.525 0.531 0.646 0.775 0.852 0.886 0.907 0.927 0.943 0.954 0.961 0.964 0.967 0.969 0.970 0.973 0.976 0.977 0.975 0.975 0.978 0.982 0.984 0.986 0.986 0.986 0.986 0.986 0.986 0.987 0.986 0.986 0.986 0.987 0.988 0.988 0.988 0.988 0.987 0.987
0.994 0.993 0.992 0.991 0.992 0.991 0.991 0.991 0.990 0.990 0.990 0.989 0.988 0.985 0.981 0.978 0.979 0.980 0.978 0.975 0.973 0.972 0.970 0.968 0.965 0.958 0.946 0.929 0.908 0.884 0.844 0.756 0.622 0.521 0.537 0.657 0.783 0.856 0.887 0.908 0.927 0.943 0.954 0.960 0.963 0.966 0.968 0.969 0.971 0.975 0.975 0.974 0.974 0.977 0.980 0.983 0.984 0.984 0.984 0.985 0.985 0.985 0.985 0.985 0.985 0.985 0.986 0.987 0.987 0.987 0.987 0.986 0.986
0.997 0.996 0.995 0.994 0.995 0.994 0.994 0.994 0.993 0.993 0.993 0.992 0.990 0.987 0.983 0.981 0.981 0.982 0.981 0.977 0.975 0.974 0.972 0.969 0.966 0.959 0.947 0.929 0.908 0.884 0.841 0.748 0.613 0.519 0.546 0.669 0.792 0.860 0.889 0.910 0.929 0.944 0.955 0.960 0.963 0.966 0.967 0.968 0.971 0.974 0.974 0.973 0.974 0.977 0.980 0.982 0.983 0.983 0.983 0.983 0.983 0.983 0.984 0.983 0.983 0.983 0.984 0.985 0.985 0.985 0.985 0.985 0.985
0.999 0.998 0.997 0.997 0.997 0.997 0.996 0.996 0.996 0.995 0.995 0.994 0.992 0.989 0.986 0.983 0.984 0.985 0.983 0.979 0.978 0.976 0.974 0.971 0.968 0.961 0.947 0.929 0.908 0.883 0.838 0.741 0.605 0.518 0.555 0.682 0.802 0.865 0.893 0.914 0.932 0.947 0.957 0.962 0.965 0.967 0.969 0.970 0.972 0.975 0.975 0.973 0.974 0.977 0.980 0.982 0.983 0.983 0.982 0.983 0.983 0.983 0.983 0.982 0.982 0.982 0.983 0.984 0.984 0.984 0.984 0.983 0.983
